3 0.7765625 0.596875 0.696875 0.596875 0.6968750000000001 0.7437500000000001 0.7765625000000002 0.7437500000000001
3 0.86875 0.946875 0.7468750000000002 0.946875 0.7468750000000002 1 0.86875 1
3 1 0.5500000000000002 0.959375 0.5500000000000002 0.959375 0.6562500000000002 1 0.6562500000000002
3 0.840625 0.4546875000000002 0.7875 0.4546875000000002 0.7875 0.5437500000000002 0.840625 0.5437500000000002
3 0.8140625 0.42187500000000017 0.765625 0.42187500000000017 0.765625 0.49531250000000016 0.8140625 0.49531250000000016
3 0.5484375 0.49375 0.4875 0.49375 0.4875 0.6234375 0.5484375 0.6234375
1 0.4484375 0.30937500000000007 0.4125 0.30937500000000007 0.4125 0.3593750000000001 0.4484375 0.3593750000000001
3 0.478125 0.2843750000000001 0.446875 0.2843750000000001 0.446875 0.3265625000000001 0.478125 0.3265625000000001
1 0.5328125 0.2875000000000001 0.503125 0.2875000000000001 0.503125 0.34062500000000007 0.5328125 0.34062500000000007
3 0.5328125 0.2687500000000001 0.5078125 0.2687500000000001 0.5078125 0.3046875000000001 0.5328125 0.3046875000000001
3 0.5109375 0.2312500000000001 0.4890625 0.2312500000000001 0.4890625 0.2640625000000001 0.5109375 0.2640625000000001
3 0.534375 0.2140625000000001 0.5203125 0.2140625000000001 0.5203125 0.2406250000000001 0.534375 0.2406250000000001
3 0.51875 0.2015625000000001 0.5046875 0.2015625000000001 0.5046875 0.22656250000000008 0.51875 0.22656250000000008
1 0.5515625 0.2250000000000001 0.5296875 0.2250000000000001 0.5296875 0.2500000000000001 0.5515625 0.2500000000000001
3 0.540625 0.19531250000000006 0.5265625 0.19531250000000006 0.5265625 0.2171875000000001 0.540625 0.2171875000000001
2 0.10781250000000006 0.5078125 0.09531250000000006 0.5078125 0.09531250000000006 0.6125 0.10781250000000009 0.6125
1 0.09218750000000006 0.43125 5.281289321322961e-17 0.43125 5.817072295949927e-17 0.51875 0.09218750000000006 0.51875
2 0.056250000000000064 0.475 0.04375000000000005 0.475 0.04375000000000006 0.5296875 0.056250000000000064 0.5296875
2 0.10312500000000005 0.4046875 0.08750000000000005 0.4046875 0.08750000000000005 0.4703125 0.10312500000000005 0.4703125
1 0.21250000000000008 0.434375 0.12500000000000006 0.434375 0.12500000000000006 0.5296875 0.21250000000000008 0.5296875
2 0.13125000000000003 0.3875 0.12031250000000004 0.3875 0.12031250000000004 0.4671875 0.13125000000000003 0.4671875
2 0.18125000000000005 0.3453125 0.17031250000000003 0.3453125 0.17031250000000003 0.39375 0.18125000000000005 0.39375
2 0.20312500000000006 0.340625 0.19375000000000003 0.340625 0.19375000000000003 0.3953125 0.20312500000000008 0.3953125
2 0.21250000000000005 0.34375 0.2015625 0.34375 0.20156250000000003 0.4 0.21250000000000008 0.4
2 0.3671875 0.27031250000000007 0.359375 0.2703125 0.359375 0.30937500000000007 0.3671875 0.30937500000000007
1 0.4265625 0.2656250000000001 0.4 0.2656250000000001 0.4 0.3078125000000001 0.4265625 0.3078125000000001
2 0.41875 0.21875000000000008 0.4140625 0.21875000000000008 0.4140625 0.2515625000000001 0.41875 0.2515625000000001
2 0.425 0.21093750000000008 0.4171875 0.21093750000000008 0.4171875 0.2468750000000001 0.425 0.2468750000000001
2 0.434375 0.21875000000000008 0.428125 0.21875000000000008 0.428125 0.2578125000000001 0.434375 0.2578125000000001
2 0.44375 0.20468750000000008 0.4390625 0.20468750000000008 0.4390625 0.24218750000000008 0.44375 0.24218750000000008
2 0.9484375 0.3734375000000001 0.934375 0.3734375000000001 0.934375 0.4515625000000002 0.9484375 0.4515625000000002
2 0.9546875 0.3625000000000001 0.9453125 0.3625000000000001 0.9453125 0.4203125000000002 0.9546875 0.4203125000000002
2 0.96875 0.3531250000000001 0.9578125 0.3531250000000001 0.9578125 0.4187500000000002 0.96875 0.4187500000000002
2 0.971875 0.3906250000000001 0.9625 0.3906250000000001 0.9625 0.45312500000000017 0.971875 0.45312500000000017
2 0.9375 0.3343750000000001 0.93125 0.3343750000000001 0.93125 0.3968750000000001 0.9375 0.3968750000000001
2 0.9359375 0.2906250000000001 0.928125 0.2906250000000001 0.928125 0.3421875000000001 0.9359375 0.3421875000000001
0 0.6953125 0.2640625000000001 0.634375 0.2640625000000001 0.634375 0.38750000000000007 0.6953125 0.38750000000000007
0 0.753125 0.2500000000000001 0.69375 0.2500000000000001 0.69375 0.37187500000000007 0.753125 0.37187500000000007
0 0.8265625 0.2593750000000001 0.75625 0.2593750000000001 0.75625 0.3843750000000001 0.8265625 0.3843750000000001
0 0.715625 0.22031250000000008 0.6703125 0.22031250000000008 0.6703125 0.32500000000000007 0.715625 0.32500000000000007
0 0.6953125 0.1984375000000001 0.659375 0.1984375000000001 0.659375 0.2875000000000001 0.6953125 0.2875000000000001
1 0.6734375000000001 0.6609375 0.5875 0.6609375 0.5875000000000001 0.8015625 0.6734375000000001 0.8015625
1 0.3203125000000001 0.59375 0.21093750000000008 0.59375 0.21093750000000008 0.7796875 0.3203125000000001 0.7796875
1 0.2453125000000001 0.5359375 0.18281250000000004 0.5359375 0.18281250000000007 0.646875 0.2453125000000001 0.646875
1 0.3031250000000001 0.43125 0.2578125000000001 0.43125 0.2578125000000001 0.553125 0.3031250000000001 0.553125
1 0.475 0.41875 0.4296875 0.41875 0.4296875 0.5015625 0.475 0.5015625
1 0.4609375 0.3625000000000001 0.4203125 0.3625000000000001 0.4203125 0.4328125 0.4609375 0.4328125
1 0.5718750000000001 0.8125 0.45625000000000016 0.8125 0.45625000000000016 1 0.5718750000000001 1
1 0.8484375 0.7156250000000002 0.7296875 0.7156250000000002 0.7296875 0.8984375 0.8484375 0.8984375
1 1 0.6406250000000002 0.9125 0.6406250000000002 0.9125 0.8 1 0.8
1 0.9515625 0.5437500000000002 0.8671875 0.5437500000000002 0.8671875 0.6734375000000001 0.9515625 0.6734375000000001
1 0.8859375 0.4984375000000002 0.81875 0.4984375000000002 0.81875 0.5968750000000002 0.8859375 0.5968750000000002
1 0.7625 0.534375 0.6921875 0.534375 0.6921875 0.6312500000000001 0.7625 0.6312500000000002
1 0.76875 0.4828125000000001 0.7046875 0.4828125 0.7046875 0.5828125000000001 0.76875 0.5828125000000002
1 0.6703125 0.515625 0.6046875 0.515625 0.6046875 0.6375 0.6703125 0.6375
1 0.6421875 0.38750000000000007 0.5875 0.38750000000000007 0.5875 0.50625 0.6421875 0.50625
1 0.7015625 0.4015625 0.6625 0.4015625 0.6625 0.484375 0.7015625 0.484375
1 0.7578125 0.4140625000000001 0.7 0.4140625 0.7 0.5250000000000001 0.7578125 0.5250000000000001
1 0.7109375 0.34062500000000007 0.6625 0.34062500000000007 0.6625 0.434375 0.7109375 0.434375
1 0.7484375 0.3468750000000001 0.71875 0.3468750000000001 0.71875 0.42656250000000007 0.7484375 0.4265625000000002
1 0.78125 0.3687500000000001 0.746875 0.3687500000000001 0.746875 0.4437500000000002 0.78125 0.4437500000000002
1 0.775 0.3453125000000001 0.75 0.3453125000000001 0.75 0.3843750000000001 0.775 0.3843750000000001
1 0.853125 0.3515625000000001 0.809375 0.3515625000000001 0.809375 0.4359375000000002 0.853125 0.4359375000000002
1 0.9359375 0.42187500000000017 0.8640625 0.42187500000000017 0.8640625 0.5296875000000002 0.9359375 0.5296875000000002
1 0.50625 0.4546875 0.4734375 0.4546875 0.4734375 0.546875 0.50625 0.546875
1 0.5734375 0.37187500000000007 0.5296875 0.37187500000000007 0.5296875 0.446875 0.5734375 0.446875
1 0.5796875 0.3125000000000001 0.54375 0.3125000000000001 0.54375 0.3625000000000001 0.5796875 0.3625000000000001
1 0.621875 0.3375000000000001 0.5875 0.3375000000000001 0.5875 0.3859375000000001 0.621875 0.3859375000000001
1 0.621875 0.3031250000000001 0.5921875 0.3031250000000001 0.5921875 0.34062500000000007 0.621875 0.34062500000000007
1 0.6015625 0.2812500000000001 0.5765625 0.2812500000000001 0.5765625 0.3187500000000001 0.6015625 0.3187500000000001
1 0.6171875 0.2453125000000001 0.590625 0.2453125000000001 0.590625 0.2828125000000001 0.6171875 0.2828125000000001
1 0.5859375 0.2500000000000001 0.5578125 0.2500000000000001 0.5578125 0.2890625000000001 0.5859375 0.2890625000000001
1 0.59375 0.2234375000000001 0.5765625 0.2234375000000001 0.5765625 0.2484375000000001 0.59375 0.2484375000000001
1 0.6140625 0.19531250000000008 0.59375 0.19531250000000008 0.59375 0.22656250000000008 0.6140625 0.22656250000000008
1 0.5796875 0.1937500000000001 0.5671875 0.1937500000000001 0.5671875 0.2171875000000001 0.5796875 0.2171875000000001
1 0.5609375 0.2015625000000001 0.5390625 0.2015625000000001 0.5390625 0.22656250000000008 0.5609375 0.22656250000000008
1 0.5390625 0.2500000000000001 0.5140625 0.2500000000000001 0.5140625 0.2796875000000001 0.5390625 0.2796875000000001
1 0.525 0.3203125000000001 0.4890625 0.3203125000000001 0.4890625 0.3656250000000001 0.525 0.3656250000000001
2 0.8484375 0.2796875000000001 0.840625 0.2796875000000001 0.840625 0.33281250000000007 0.8484375 0.33281250000000007
2 0.8625 0.27031250000000007 0.85625 0.27031250000000007 0.85625 0.3187500000000001 0.8625 0.3187500000000001
2 0.9125 0.2906250000000001 0.9078125 0.2906250000000001 0.9078125 0.3468750000000001 0.9125 0.3468750000000001