2 0.11250000000000007 0.4921875 0.09687500000000007 0.4921875 0.09687500000000007 0.5984375 0.11250000000000009 0.5984375
1 0.10781250000000005 0.4453125 0.026562500000000055 0.4453125 0.026562500000000062 0.528125 0.10781250000000005 0.528125
2 0.04375000000000006 0.4734375 0.031250000000000056 0.4734375 0.03125000000000006 0.5375 0.04375000000000007 0.5375
2 0.05156250000000007 0.521875 0.032812500000000064 0.521875 0.032812500000000064 0.5859375 0.05156250000000007 0.5859375
2 0.17968750000000006 0.3890625 0.16406250000000006 0.3890625 0.16406250000000006 0.465625 0.17968750000000006 0.465625
1 0.14687500000000003 0.4171875 0.06875000000000005 0.4171875 0.06875000000000006 0.4984375 0.14687500000000003 0.4984375
2 0.12968750000000004 0.39375 0.11875000000000005 0.39375 0.11875000000000005 0.4171875 0.12968750000000004 0.4171875
2 0.17031250000000003 0.3578125 0.15781250000000005 0.3578125 0.15781250000000005 0.3953125 0.17031250000000003 0.3953125
2 0.19687500000000005 0.34375 0.18750000000000006 0.34375 0.18750000000000006 0.3953125 0.19687500000000005 0.3953125
2 0.20156250000000003 0.3375 0.19375000000000003 0.3375 0.19375000000000003 0.39375 0.2015625000000001 0.39375
2 0.21562500000000004 0.3375 0.203125 0.3375 0.20312500000000006 0.3953125 0.2156250000000001 0.3953125
2 0.3375 0.33125 0.328125 0.33125 0.32812500000000006 0.384375 0.3375000000000001 0.384375
2 0.3546875 0.2796875 0.3484375 0.2796875 0.3484375 0.3328125 0.3546875 0.3328125
2 0.365625 0.2671875 0.359375 0.2671875 0.359375 0.31250000000000006 0.365625 0.3125000000000001
2 0.29375 0.278125 0.2875 0.278125 0.2875 0.3234375 0.29375 0.3234375
2 0.409375 0.2093750000000001 0.4046875 0.2093750000000001 0.4046875 0.2375000000000001 0.409375 0.2375000000000001
1 0.3953125 0.26250000000000007 0.3765625 0.26250000000000007 0.3765625 0.3000000000000001 0.3953125 0.3000000000000001
2 0.41875 0.2156250000000001 0.4140625 0.2156250000000001 0.4140625 0.24375000000000008 0.41875 0.24375000000000008
1 0.4296875 0.2734375000000001 0.3984375 0.2734375000000001 0.3984375 0.3031250000000001 0.4296875 0.3031250000000001
2 0.4296875 0.2250000000000001 0.425 0.2250000000000001 0.425 0.2531250000000001 0.4296875 0.2531250000000001
2 0.44375 0.2093750000000001 0.4375 0.2093750000000001 0.4375 0.2406250000000001 0.44375 0.2406250000000001
2 0.425 0.2140625000000001 0.4203125 0.2140625000000001 0.4203125 0.24375000000000008 0.425 0.24375000000000008
2 0.4140625 0.19687500000000005 0.4109375 0.19687500000000005 0.4109375 0.2234375000000001 0.4140625 0.2234375000000001
1 0.9640625 0.4515625000000002 0.896875 0.4515625000000002 0.896875 0.5562500000000001 0.9640625 0.5562500000000001
2 0.946875 0.3765625000000001 0.9359375 0.3765625000000001 0.9359375 0.4468750000000002 0.946875 0.4468750000000002
2 0.94375 0.3578125000000001 0.934375 0.3578125000000001 0.934375 0.3828125000000001 0.94375 0.3828125000000001
2 0.9453125 0.3078125000000001 0.9390625 0.3078125000000001 0.9390625 0.3625000000000001 0.9453125 0.3625000000000001
2 0.934375 0.31718750000000007 0.9265625 0.31718750000000007 0.9265625 0.3687500000000001 0.934375 0.3687500000000001
2 0.9203125 0.3203125000000001 0.9125 0.3203125000000001 0.9125 0.36406250000000007 0.9203125 0.36406250000000007
0 0.9125 0.31718750000000007 0.8109375 0.31718750000000007 0.8109375 0.4781250000000002 0.9125 0.4781250000000002
2 0.8984375 0.3218750000000001 0.8921875 0.3218750000000001 0.8921875 0.3468750000000001 0.8984375 0.3468750000000001
2 0.89375 0.2796875000000001 0.8875 0.2796875000000001 0.8875 0.3265625000000001 0.89375 0.3265625000000001
2 0.84375 0.27031250000000007 0.8375 0.27031250000000007 0.8375 0.29375000000000007 0.84375 0.29375000000000007
3 0.5218750000000002 0.8609375 0.4109375000000002 0.8609375 0.4109375000000002 1 0.5218750000000002 1
3 0.86875 0.946875 0.7437500000000001 0.946875 0.7437500000000001 1 0.86875 1
3 0.9390625 0.6406250000000002 0.8296875 0.6406250000000002 0.8296875 0.8203125 0.9390625 0.8203125
3 0.3828125000000001 0.4859375 0.3203125000000001 0.4859375 0.3203125000000001 0.5765625 0.3828125000000001 0.5765625
3 0.3500000000000001 0.4296875 0.3046875000000001 0.4296875 0.3046875000000001 0.5125 0.3500000000000001 0.5125
1 0.65625 0.553125 0.584375 0.553125 0.584375 0.675 0.65625 0.675
1 0.64375 0.48125 0.5921875 0.48125 0.5921875 0.5625 0.64375 0.5625
3 0.6359375 0.41875 0.5890625 0.41875 0.5890625 0.49375 0.6359375 0.49375
3 0.7765625 0.6015625000000001 0.6953125 0.6015625 0.6953125000000001 0.7453125 0.7765625000000002 0.7453125000000002
1 0.525 0.2984375000000001 0.4890625 0.2984375000000001 0.4890625 0.3343750000000001 0.525 0.3343750000000001
3 0.5375 0.2578125000000001 0.5125 0.2578125000000001 0.5125 0.3031250000000001 0.5375 0.3031250000000001
1 0.515625 0.2140625000000001 0.496875 0.2140625000000001 0.496875 0.2390625000000001 0.515625 0.2390625000000001
1 0.5265625 0.24375000000000008 0.5109375 0.24375000000000008 0.5109375 0.2718750000000001 0.5265625 0.2718750000000001
3 0.5296875 0.19531250000000006 0.5109375 0.19531250000000006 0.5109375 0.21875000000000008 0.5296875 0.21875000000000008
1 0.546875 0.2250000000000001 0.5265625 0.2250000000000001 0.5265625 0.2578125000000001 0.546875 0.2578125000000001
3 0.56875 0.1921875000000001 0.5546875 0.1921875000000001 0.5546875 0.21250000000000008 0.56875 0.21250000000000008
3 0.91875 0.5109375000000002 0.84375 0.5109375000000002 0.84375 0.6171875000000002 0.91875 0.6171875000000002
0 0.7578125 0.2640625000000001 0.7 0.2640625000000001 0.7 0.37968750000000007 0.7578125 0.37968750000000007
0 0.7 0.2718750000000001 0.6375 0.2718750000000001 0.6375 0.40625 0.7 0.40625
0 0.7265625 0.22656250000000008 0.6765625 0.22656250000000008 0.6765625 0.3375000000000001 0.7265625 0.3375000000000001
0 0.7 0.20312500000000008 0.6671875 0.20312500000000008 0.6671875 0.28593750000000007 0.7 0.28593750000000007
0 0.6921875 0.1937500000000001 0.6484375 0.1937500000000001 0.6484375 0.2390625000000001 0.6921875 0.2390625000000001
1 0.6359375 0.24218750000000008 0.603125 0.24218750000000008 0.603125 0.2718750000000001 0.6359375 0.2718750000000001
0 0.646875 0.1937500000000001 0.63125 0.1937500000000001 0.63125 0.2156250000000001 0.646875 0.2156250000000001
1 0.8453125 0.7078125000000002 0.7328125 0.7078125000000002 0.7328125000000001 0.8921875 0.8453125 0.8921875
1 0.6812500000000001 0.734375 0.5859375000000002 0.734375 0.5859375000000002 0.9109375 0.6812500000000001 0.9109375
1 0.5406250000000001 0.6171875 0.46875 0.6171875 0.4687500000000001 0.7375 0.5406250000000001 0.7375
1 0.4375 0.5796875 0.3593750000000001 0.5796875 0.3593750000000001 0.709375 0.4375 0.709375
1 0.2156250000000001 0.565625 0.12343750000000009 0.565625 0.12343750000000009 0.6984375 0.2156250000000001 0.6984375
1 0.5109375 0.4671875 0.4484375 0.4671875 0.4484375 0.56875 0.5109375 0.56875
1 0.490625 0.39531250000000007 0.4453125 0.39531250000000007 0.4453125 0.4578125 0.490625 0.4578125
1 0.578125 0.3859375000000001 0.5390625 0.3859375000000001 0.5390625 0.4640625 0.578125 0.4640625
1 0.7609375 0.5328125000000001 0.69375 0.5328125 0.69375 0.6421875000000001 0.7609375 0.6421875000000001
1 0.7640625 0.48906250000000007 0.70625 0.4890625 0.70625 0.5875000000000001 0.7640625 0.5875000000000001
1 0.8140625 0.4328125000000001 0.7171875 0.4328125 0.7171875 0.55 0.8140625 0.5500000000000002
1 0.9671875 0.5890625000000002 0.8875 0.5890625000000002 0.8875 0.7250000000000002 0.9671875 0.7250000000000002
1 1 0.6593750000000002 0.95625 0.6593750000000002 0.95625 0.821875 1 0.821875
1 1 0.5234375000000002 0.9390625 0.5234375000000002 0.9390625 0.6546875000000002 1 0.6546875000000002
1 0.8203125 0.4046875000000002 0.7703125 0.4046875000000002 0.7703125 0.4968750000000002 0.8203125 0.4968750000000002
1 0.715625 0.41875 0.665625 0.41875 0.665625 0.496875 0.715625 0.496875
1 0.7140625 0.34062500000000007 0.665625 0.34062500000000007 0.665625 0.4484375 0.7140625 0.4484375
1 0.765625 0.3468750000000001 0.721875 0.3468750000000001 0.721875 0.41093750000000007 0.765625 0.4109375000000002
1 0.771875 0.3812500000000001 0.74375 0.3812500000000001 0.74375 0.44531250000000017 0.771875 0.44531250000000017
1 0.79375 0.3625000000000001 0.7671875 0.3625000000000001 0.7671875 0.4109375000000002 0.79375 0.4109375000000002
1 0.8109375 0.3265625000000001 0.778125 0.3265625000000001 0.778125 0.3921875000000001 0.8109375 0.3921875000000001
1 0.7828125 0.29375000000000007 0.7546875 0.29375000000000007 0.7546875 0.3468750000000001 0.7828125 0.3468750000000001
1 0.6234375 0.3390625000000001 0.590625 0.3390625000000001 0.590625 0.3843750000000001 0.6234375 0.3843750000000001
1 0.575 0.34062500000000007 0.540625 0.34062500000000007 0.540625 0.4015625 0.575 0.4015625
1 0.6203125 0.3078125000000001 0.590625 0.3078125000000001 0.590625 0.3468750000000001 0.6203125 0.3468750000000001
1 0.6234375 0.2656250000000001 0.59375 0.2656250000000001 0.59375 0.3281250000000001 0.6234375 0.3281250000000001
1 0.61875 0.2515625000000001 0.596875 0.2515625000000001 0.596875 0.2734375000000001 0.61875 0.2734375000000001
1 0.5796875 0.2578125000000001 0.5515625 0.2578125000000001 0.5515625 0.29375000000000007 0.5796875 0.29375000000000007
1 0.496875 0.2375000000000001 0.4703125 0.2375000000000001 0.4703125 0.2812500000000001 0.496875 0.2812500000000001
1 0.4203125 0.2984375000000001 0.3953125 0.2984375000000001 0.3953125 0.3437500000000001 0.4203125 0.3437500000000001
1 0.4734375 0.2093750000000001 0.4546875 0.2093750000000001 0.4546875 0.2390625000000001 0.4734375 0.2390625000000001
1 0.6625 0.2390625000000001 0.64375 0.2390625000000001 0.64375 0.2687500000000001 0.6625 0.2687500000000001
1 0.58125 0.21093750000000008 0.5625 0.21093750000000008 0.5625 0.2390625000000001 0.58125 0.2390625000000001
1 0.5921875 0.1984375000000001 0.5765625 0.1984375000000001 0.5765625 0.2234375000000001 0.5921875 0.2234375000000001
1 0.55625 0.2078125000000001 0.5421875 0.2078125000000001 0.5421875 0.22812500000000008 0.55625 0.22812500000000008
1 0.55 0.19375000000000006 0.534375 0.19375000000000003 0.534375 0.21093750000000008 0.55 0.21093750000000008