0 0.7140625 0.7015625 0.459375 0.7015625 0.4593750000000001 1 0.7140625000000002 1
0 0.884375 0.43750000000000017 0.7671875 0.43750000000000017 0.7671875000000001 0.8015625 0.884375 0.8015625
0 0.821875 0.3296875000000001 0.75 0.3296875000000001 0.75 0.5000000000000002 0.821875 0.5000000000000002
0 0.9765625 0.3390625000000001 0.846875 0.3390625000000001 0.846875 0.5359375000000002 0.9765625 0.5359375000000002
3 0.43125 0.3109375000000001 0.38125 0.3109375000000001 0.38125000000000003 0.3671875000000001 0.43125 0.3671875000000001
3 0.4921875 0.2000000000000001 0.475 0.2000000000000001 0.475 0.22656250000000008 0.4921875 0.22656250000000008
3 1 0.7234375000000002 0.9484375 0.7234375000000002 0.9484375 0.915625 1 0.915625
1 1 0.5218750000000002 0.946875 0.5218750000000002 0.946875 0.6484375000000002 1 0.6484375000000002
1 0.84375 0.3312500000000001 0.7984375 0.3312500000000001 0.7984375 0.43281250000000016 0.84375 0.43281250000000016
1 0.74375 0.3187500000000001 0.7109375 0.3187500000000001 0.7109375 0.3843750000000001 0.74375 0.3843750000000001
1 0.7484375 0.3578125000000001 0.734375 0.3578125000000001 0.734375 0.42187500000000017 0.7484375 0.42187500000000017
1 0.75 0.2390625000000001 0.715625 0.2390625000000001 0.715625 0.2718750000000001 0.75 0.2718750000000001
1 0.634375 0.1828125000000001 0.5921875 0.1828125000000001 0.5921875 0.2015625000000001 0.634375 0.2015625000000001
2 0.9015625 0.2671875000000001 0.89375 0.2671875000000001 0.89375 0.3140625000000001 0.9015625 0.3140625000000001
2 0.96875 0.3156250000000001 0.959375 0.3156250000000001 0.959375 0.3687500000000001 0.96875 0.3687500000000001
2 0.978125 0.31718750000000007 0.971875 0.31718750000000007 0.971875 0.36406250000000007 0.978125 0.36406250000000007
2 0.9078125 0.2750000000000001 0.9015625 0.2750000000000001 0.9015625 0.3156250000000001 0.9078125 0.3156250000000001
2 0.2078125000000001 0.396875 0.19531250000000006 0.396875 0.19531250000000006 0.4671875 0.2078125000000001 0.4671875
2 0.20312500000000006 0.3296875 0.19375000000000003 0.3296875 0.19375000000000003 0.3890625 0.20312500000000008 0.3890625
2 0.359375 0.2703125 0.3515625 0.2703125 0.3515625 0.31875 0.359375 0.31875
2 0.36875 0.26093750000000004 0.3625 0.2609375 0.3625 0.30468750000000006 0.36875 0.3046875000000001
2 0.421875 0.2250000000000001 0.415625 0.2250000000000001 0.415625 0.26250000000000007 0.421875 0.26250000000000007
2 0.43125 0.23593750000000008 0.425 0.23593750000000008 0.425 0.2640625000000001 0.43125 0.2640625000000001
1 0.3984375 0.25468750000000007 0.3765625 0.25468750000000007 0.3765625 0.2953125000000001 0.3984375 0.2953125000000001
1 0.4421875 0.2140625000000001 0.4265625 0.2140625000000001 0.4265625 0.2468750000000001 0.4421875 0.2468750000000001
2 0.4140625 0.20312500000000008 0.409375 0.20312500000000008 0.409375 0.22812500000000008 0.4140625 0.22812500000000008