0 0.9953125 0.6187500000000001 0.7703125 0.6187500000000001 0.7703125000000001 1 0.9953125 1
0 0.721875 0.3703125000000001 0.634375 0.3703125000000001 0.634375 0.609375 0.721875 0.609375
0 0.7859375 0.2578125000000001 0.734375 0.2578125000000001 0.734375 0.4000000000000002 0.7859375 0.4000000000000002
0 1 0.4578125000000002 0.9640625 0.4578125000000002 0.9640625 0.6750000000000002 1 0.6750000000000002
0 0.7015625 0.22812500000000008 0.66875 0.22812500000000008 0.66875 0.31718750000000007 0.7015625 0.31718750000000007
0 0.6484375 0.2015625000000001 0.6125 0.2015625000000001 0.6125 0.2875000000000001 0.6484375 0.2875000000000001
0 0.4859375 0.18750000000000006 0.4578125 0.18750000000000006 0.4578125 0.24375000000000008 0.4859375 0.24375000000000008
1 0.534375 0.2296875000000001 0.5125 0.2296875000000001 0.5125 0.2609375000000001 0.534375 0.2609375000000001
1 0.55 0.20312500000000008 0.5328125 0.20312500000000008 0.5328125 0.23593750000000008 0.55 0.23593750000000008
3 0.5578125 0.19375000000000006 0.5421875 0.19375000000000003 0.5421875 0.2218750000000001 0.5578125 0.2218750000000001
3 0.35000000000000003 0.3578125 0.30625 0.3578125 0.30625 0.41875 0.3500000000000001 0.41875
1 1 0.6468750000000002 0.9171875 0.6468750000000002 0.9171875 0.8125 1 0.8125
1 1 0.7500000000000002 0.9734375 0.7500000000000002 0.9734375 0.90625 1 0.90625
1 0.9140625 0.5203125000000002 0.8375 0.5203125000000002 0.8375 0.6390625000000002 0.9140625 0.6390625000000002
1 0.965625 0.46875000000000017 0.9015625 0.46875000000000017 0.9015625 0.5812500000000002 0.965625 0.5812500000000002
1 0.915625 0.4125000000000002 0.853125 0.4125000000000002 0.853125 0.5109375000000002 0.915625 0.5109375000000002
3 0.8375 0.42187500000000017 0.7890625 0.42187500000000017 0.7890625 0.5031250000000002 0.8375 0.5031250000000002
1 0.8640625 0.3671875000000001 0.8109375 0.3671875000000001 0.8109375 0.4343750000000002 0.8640625 0.4343750000000002
2 0.9203125 0.3828125000000001 0.9078125 0.3828125000000001 0.9078125 0.41718750000000016 0.9203125 0.41718750000000016
2 0.8953125 0.3078125000000001 0.8890625 0.3078125000000001 0.8890625 0.36406250000000007 0.8953125 0.36406250000000007
2 0.8484375 0.2984375000000001 0.840625 0.2984375000000001 0.840625 0.3468750000000001 0.8484375 0.3468750000000001
2 0.9 0.27031250000000007 0.8921875 0.27031250000000007 0.8921875 0.3234375000000001 0.9 0.3234375000000001
2 0.9578125 0.3234375000000001 0.95 0.3234375000000001 0.95 0.3734375000000001 0.9578125 0.3734375000000001
2 0.4453125 0.2093750000000001 0.440625 0.2093750000000001 0.440625 0.2375000000000001 0.4453125 0.2375000000000001
2 0.43125 0.2234375000000001 0.4265625 0.2234375000000001 0.4265625 0.2531250000000001 0.43125 0.2531250000000001
2 0.4203125 0.2093750000000001 0.415625 0.2093750000000001 0.415625 0.24218750000000008 0.4203125 0.24218750000000008
1 0.396875 0.2593750000000001 0.3765625 0.2593750000000001 0.3765625 0.3000000000000001 0.396875 0.3000000000000001
2 0.4015625 0.2562500000000001 0.39375 0.2562500000000001 0.39375 0.29375000000000007 0.4015625 0.29375000000000007
2 0.36875 0.26562500000000006 0.359375 0.265625 0.359375 0.30625 0.36875 0.3062500000000001
2 0.35625 0.278125 0.35 0.278125 0.35 0.3234375 0.35625 0.3234375
2 0.22812500000000005 0.3546875 0.215625 0.3546875 0.21562500000000004 0.409375 0.22812500000000008 0.409375
2 0.21406250000000004 0.35 0.203125 0.35 0.20312500000000006 0.4078125 0.2140625000000001 0.4078125
2 0.20468750000000005 0.3390625 0.19375000000000003 0.3390625 0.19375000000000003 0.3921875 0.20468750000000008 0.3921875
2 0.2000000000000001 0.4 0.19062500000000004 0.4 0.19062500000000004 0.471875 0.2000000000000001 0.471875
2 0.12031250000000004 0.390625 0.10781250000000005 0.390625 0.10781250000000005 0.465625 0.12031250000000004 0.465625
2 0.09062500000000005 0.396875 0.07656250000000005 0.396875 0.07656250000000006 0.4734375 0.09062500000000007 0.4734375
1 0.415625 0.3031250000000001 0.365625 0.3031250000000001 0.365625 0.3453125000000001 0.415625 0.3453125000000001
1 0.440625 0.30156250000000007 0.415625 0.30156250000000007 0.415625 0.35625000000000007 0.440625 0.35625000000000007
1 0.5859375 0.19687500000000008 0.56875 0.19687500000000008 0.56875 0.2218750000000001 0.5859375 0.2218750000000001
1 0.5421875 0.19062500000000004 0.5296875 0.19062500000000004 0.5296875 0.2015625000000001 0.5421875 0.2015625000000001
1 0.6109375 0.1906250000000001 0.596875 0.1906250000000001 0.596875 0.21093750000000008 0.6109375 0.21093750000000008
1 0.69375 0.1937500000000001 0.6609375 0.1937500000000001 0.6609375 0.21093750000000008 0.69375 0.21093750000000008
1 0.6703125 0.2328125000000001 0.6640625 0.2328125000000001 0.6640625 0.2734375000000001 0.6703125 0.2734375000000001
1 0.7265625 0.2968750000000001 0.69375 0.2968750000000001 0.69375 0.3453125000000001 0.7265625 0.3453125000000001
1 0.7265625 0.22812500000000008 0.7 0.22812500000000008 0.7 0.28593750000000007 0.7265625 0.28593750000000007
0 0.7953125 0.2390625000000001 0.734375 0.2390625000000001 0.734375 0.3468750000000001 0.7953125 0.3468750000000001
2 0.056250000000000064 0.5046875 0.04531250000000007 0.5046875 0.04531250000000007 0.5734375 0.056250000000000064 0.5734375
2 0.3046875000000001 0.365625 0.2953125000000001 0.365625 0.2953125000000001 0.421875 0.3046875000000001 0.421875