1 0.44531250000000017 0.8890625 0.3234375000000001 0.8890625 0.3234375000000001 1 0.44531250000000017 1
1 1 0.6500000000000001 0.9046875 0.6500000000000001 0.9046875 0.7984375000000001 1 0.7984375000000001
1 1 0.7281250000000001 0.965625 0.7281250000000001 0.965625 0.9296875 1 0.9296875
0 0.88125 0.6109375000000001 0.675 0.6109375 0.675 1 0.88125 1
0 0.875 0.42187500000000017 0.7546875 0.42187500000000017 0.7546875 0.7234375000000002 0.875 0.7234375000000002
0 1 0.4281250000000002 0.9359375 0.4281250000000002 0.9359375 0.6859375000000002 1 0.6859375000000002
0 0.7515625 0.2906250000000001 0.696875 0.2906250000000001 0.696875 0.4375000000000001 0.7515625 0.43750000000000017
0 0.796875 0.2453125000000001 0.7265625 0.2453125000000001 0.7265625 0.36406250000000007 0.796875 0.36406250000000007
0 0.7640625 0.2312500000000001 0.7203125 0.2312500000000001 0.7203125 0.3125000000000001 0.7640625 0.3125000000000001
0 0.6984375 0.2156250000000001 0.6640625 0.2156250000000001 0.6640625 0.29375000000000007 0.6984375 0.29375000000000007
0 0.6515625 0.1937500000000001 0.6203125 0.1937500000000001 0.6203125 0.2562500000000001 0.6515625 0.2562500000000001
0 0.4875 0.21093750000000008 0.45 0.21093750000000008 0.45 0.2921875000000001 0.4875 0.2921875000000001
3 0.55625 0.2218750000000001 0.5390625 0.2218750000000001 0.5390625 0.2578125000000001 0.55625 0.2578125000000001
3 0.55625 0.19062500000000007 0.5421875 0.19062500000000004 0.5421875 0.2140625000000001 0.55625 0.2140625000000001
3 0.571875 0.19531250000000008 0.5546875 0.19531250000000008 0.5546875 0.21875000000000008 0.571875 0.21875000000000008
3 0.34843750000000007 0.3625 0.3046875 0.3625 0.30468750000000006 0.4234375 0.34843750000000007 0.4234375
2 0.056250000000000064 0.5109375 0.03906250000000007 0.5109375 0.03906250000000007 0.56875 0.056250000000000064 0.56875
2 0.08750000000000005 0.4125 0.07500000000000004 0.4125 0.07500000000000005 0.4890625 0.08750000000000006 0.4890625
2 0.14062500000000006 0.375 0.13125000000000003 0.375 0.13125000000000003 0.440625 0.14062500000000006 0.440625
2 0.2000000000000001 0.4015625 0.18750000000000006 0.4015625 0.18750000000000006 0.475 0.2000000000000001 0.475
2 0.2734375000000001 0.3703125 0.2656250000000001 0.3703125 0.2656250000000001 0.421875 0.2734375000000001 0.421875
2 0.27812500000000007 0.365625 0.2687500000000001 0.365625 0.2687500000000001 0.409375 0.27812500000000007 0.409375
2 0.17500000000000004 0.3484375 0.16406250000000006 0.3484375 0.16406250000000006 0.3953125 0.17500000000000004 0.3953125
2 0.35625 0.2796875 0.3484375 0.2796875 0.3484375 0.3265625 0.35625 0.3265625
2 0.2953125 0.2734375 0.2875 0.2734375 0.2875 0.325 0.2953125 0.325
2 0.36875 0.2671875 0.359375 0.2671875 0.359375 0.31250000000000006 0.36875 0.3125000000000001
2 0.40625 0.2640625000000001 0.3984375 0.2640625000000001 0.3984375 0.3046875000000001 0.40625 0.3046875000000001
2 0.40625 0.22812500000000008 0.4015625 0.22812500000000008 0.4015625 0.2406250000000001 0.40625 0.2406250000000001
2 0.4203125 0.2093750000000001 0.4140625 0.2093750000000001 0.4140625 0.2453125000000001 0.4203125 0.2453125000000001
2 0.4265625 0.21093750000000008 0.4203125 0.21093750000000008 0.4203125 0.2453125000000001 0.4265625 0.2453125000000001
2 0.4328125 0.2218750000000001 0.4265625 0.2218750000000001 0.4265625 0.2531250000000001 0.4328125 0.2531250000000001
2 0.446875 0.21093750000000008 0.4390625 0.21093750000000008 0.4390625 0.24218750000000008 0.446875 0.24218750000000008
2 0.4140625 0.19843750000000004 0.409375 0.19843750000000004 0.409375 0.22656250000000008 0.4140625 0.22656250000000008
2 0.940625 0.30937500000000007 0.93125 0.30937500000000007 0.93125 0.3671875000000001 0.940625 0.3671875000000001
2 0.9171875 0.2812500000000001 0.909375 0.2812500000000001 0.909375 0.3375000000000001 0.9171875 0.3375000000000001
2 0.921875 0.3828125000000001 0.9078125 0.3828125000000001 0.9078125 0.4156250000000002 0.921875 0.4156250000000002
2 0.9046875 0.3968750000000001 0.8890625 0.3968750000000001 0.8890625 0.4437500000000002 0.9046875 0.4437500000000002
1 0.9375 0.4421875000000002 0.8796875 0.4421875000000002 0.8796875 0.5609375000000002 0.9375 0.5609375000000002
1 0.8890625 0.3890625000000001 0.8328125 0.3890625000000001 0.8328125 0.47187500000000016 0.8890625 0.47187500000000016
3 0.8453125 0.3671875000000001 0.7984375 0.3671875000000001 0.7984375 0.4281250000000002 0.8453125 0.4281250000000002
1 0.83125 0.3375000000000001 0.7859375 0.3375000000000001 0.7859375 0.39531250000000007 0.83125 0.39531250000000007
1 0.709375 0.27031250000000007 0.6796875 0.27031250000000007 0.6796875 0.3140625000000001 0.709375 0.3140625000000001
1 0.7 0.2078125000000001 0.6796875 0.2078125000000001 0.6796875 0.23593750000000008 0.7 0.23593750000000008
1 0.665625 0.2078125000000001 0.65 0.2078125000000001 0.65 0.2328125000000001 0.665625 0.2328125000000001
1 0.6125 0.2140625000000001 0.59375 0.2140625000000001 0.59375 0.2453125000000001 0.6125 0.2453125000000001
1 0.534375 0.2812500000000001 0.50625 0.2812500000000001 0.50625 0.3234375000000001 0.534375 0.3234375000000001
1 0.54375 0.23437500000000008 0.51875 0.23437500000000008 0.51875 0.2718750000000001 0.54375 0.2718750000000001
1 0.59375 0.2328125000000001 0.571875 0.2328125000000001 0.571875 0.2671875000000001 0.59375 0.2671875000000001
1 0.5890625 0.2093750000000001 0.571875 0.2093750000000001 0.571875 0.2312500000000001 0.5890625 0.2312500000000001
1 0.615625 0.1937500000000001 0.6 0.1937500000000001 0.6 0.2171875000000001 0.615625 0.2171875000000001
1 0.584375 0.1906250000000001 0.56875 0.1906250000000001 0.56875 0.2062500000000001 0.584375 0.2062500000000001
1 0.55 0.2156250000000001 0.5328125 0.2156250000000001 0.5328125 0.23437500000000008 0.55 0.23437500000000008
1 0.546875 0.2062500000000001 0.53125 0.2062500000000001 0.53125 0.2234375000000001 0.546875 0.2234375000000001
1 0.528125 0.19375000000000003 0.5140625 0.19375000000000003 0.5140625 0.2156250000000001 0.528125 0.2156250000000001
1 0.39375 0.30781250000000004 0.35625 0.3078125 0.35625 0.353125 0.39375 0.3531250000000001
1 0.396875 0.2640625000000001 0.3765625 0.2640625000000001 0.3765625 0.3062500000000001 0.396875 0.3062500000000001
1 0.55625 0.3468750000000001 0.4984375 0.3468750000000001 0.4984375 0.409375 0.55625 0.409375