0 0.4734375 0.3781250000000001 0.3812500000000001 0.3781250000000001 0.3812500000000001 0.6140625 0.4734375 0.6140625
2 0.12187500000000004 0.3859375 0.10625000000000004 0.3859375 0.10625000000000004 0.4609375 0.12187500000000004 0.4609375
2 0.2328125000000001 0.3921875 0.2156250000000001 0.3921875 0.2156250000000001 0.46875 0.2328125000000001 0.46875
2 0.15156250000000004 0.3890625 0.13593750000000004 0.3890625 0.13593750000000004 0.4640625 0.15156250000000004 0.4640625
2 0.21718750000000003 0.3328125 0.2078125 0.3328125 0.20781250000000004 0.3828125 0.2171875000000001 0.3828125
2 0.20468750000000005 0.334375 0.19687500000000005 0.334375 0.19687500000000005 0.3875 0.20468750000000008 0.3875
2 0.2890625 0.275 0.28125 0.275 0.28125 0.315625 0.2890625 0.315625
2 0.3546875 0.2796875 0.3484375 0.2796875 0.3484375 0.31875 0.3546875 0.31875
2 0.36875 0.28437500000000004 0.359375 0.284375 0.359375 0.32343750000000004 0.36875 0.3234375000000001
2 0.3671875 0.26562500000000006 0.3578125 0.265625 0.3578125 0.29687500000000006 0.3671875 0.2968750000000001
2 0.41875 0.21250000000000008 0.4140625 0.21250000000000008 0.4140625 0.2453125000000001 0.41875 0.2453125000000001
2 0.4109375 0.2062500000000001 0.40625 0.2062500000000001 0.40625 0.2328125000000001 0.4109375 0.2328125000000001
2 0.403125 0.2296875000000001 0.4 0.2296875000000001 0.4 0.24375000000000008 0.403125 0.24375000000000008
2 0.425 0.2093750000000001 0.41875 0.2093750000000001 0.41875 0.2406250000000001 0.425 0.2406250000000001
2 0.4296875 0.2234375000000001 0.425 0.2234375000000001 0.425 0.2562500000000001 0.4296875 0.2562500000000001
2 0.44375 0.21093750000000008 0.4390625 0.21093750000000008 0.4390625 0.2406250000000001 0.44375 0.2406250000000001
0 1 0.3828125000000001 0.8828125 0.3828125000000001 0.8828125 0.6062500000000002 1 0.6062500000000002
2 0.8890625 0.3343750000000001 0.878125 0.3343750000000001 0.878125 0.38750000000000007 0.8890625 0.38750000000000007
2 0.8421875 0.2734375000000001 0.8359375 0.2734375000000001 0.8359375 0.3140625000000001 0.8421875 0.3140625000000001
2 0.85 0.27031250000000007 0.8453125 0.27031250000000007 0.8453125 0.3140625000000001 0.85 0.3140625000000001
2 0.9140625 0.2890625000000001 0.9078125 0.2890625000000001 0.9078125 0.3359375000000001 0.9140625 0.3359375000000001
2 0.9203125 0.3343750000000001 0.909375 0.3343750000000001 0.909375 0.3812500000000001 0.9203125 0.3812500000000001
2 0.9390625 0.3187500000000001 0.9296875 0.3187500000000001 0.9296875 0.3625000000000001 0.9390625 0.3625000000000001
2 0.95625 0.3078125000000001 0.946875 0.3078125000000001 0.946875 0.3703125000000001 0.95625 0.3703125000000001
2 0.940625 0.3515625000000001 0.9296875 0.3515625000000001 0.9296875 0.38750000000000007 0.940625 0.38750000000000007
3 0.35156250000000006 0.3625 0.303125 0.3625 0.30312500000000003 0.4234375 0.3515625000000001 0.4234375
3 0.5734375 0.3125000000000001 0.5359375 0.3125000000000001 0.5359375 0.3890625000000001 0.5734375 0.3890625000000001
1 0.53125 0.2765625000000001 0.503125 0.2765625000000001 0.503125 0.3156250000000001 0.53125 0.3156250000000001
3 0.5421875 0.2468750000000001 0.51875 0.2468750000000001 0.51875 0.2843750000000001 0.5421875 0.2843750000000001
3 0.8359375 0.3578125000000001 0.8109375 0.3578125000000001 0.8109375 0.4312500000000002 0.8359375 0.4312500000000002
3 0.5875 0.21875000000000008 0.565625 0.21875000000000008 0.565625 0.2531250000000001 0.5875 0.2531250000000001
3 0.55625 0.23593750000000008 0.5359375 0.23593750000000008 0.5359375 0.27031250000000007 0.55625 0.27031250000000007
1 0.5 0.2390625000000001 0.48125 0.2390625000000001 0.48125 0.2671875000000001 0.5 0.2671875000000001
3 0.5046875 0.21875000000000008 0.4859375 0.21875000000000008 0.4859375 0.2468750000000001 0.5046875 0.2468750000000001
3 0.5125 0.2015625000000001 0.496875 0.2015625000000001 0.496875 0.2312500000000001 0.5125 0.2312500000000001
1 0.84375 0.8921875 0.7281250000000001 0.8921875 0.7281250000000001 1 0.84375 1
0 0.7421875 0.3218750000000001 0.65625 0.3218750000000001 0.65625 0.4984375000000001 0.7421875 0.4984375000000002
0 0.815625 0.30156250000000007 0.728125 0.30156250000000007 0.728125 0.4656250000000002 0.815625 0.4656250000000002
0 0.7453125 0.24375000000000008 0.6921875 0.24375000000000008 0.6921875 0.34062500000000007 0.7453125 0.34062500000000007
0 0.734375 0.21875000000000008 0.671875 0.21875000000000008 0.671875 0.31718750000000007 0.734375 0.31718750000000007
0 0.75 0.2078125000000001 0.7 0.2078125000000001 0.7 0.3031250000000001 0.75 0.3031250000000001
0 0.68125 0.2000000000000001 0.65 0.2000000000000001 0.65 0.27031250000000007 0.68125 0.27031250000000007
1 0.6296875 0.2312500000000001 0.609375 0.2312500000000001 0.609375 0.2609375000000001 0.6296875 0.2609375000000001
0 0.6515625 0.1921875000000001 0.628125 0.1921875000000001 0.628125 0.21875000000000008 0.6515625 0.21875000000000008
1 0.6046875 0.49375 0.5453125 0.49375 0.5453125 0.5890625 0.6046875 0.5890625
1 0.8203125 0.7015625000000001 0.7234375 0.7015625 0.7234375000000001 0.8734375 0.8203125 0.8734375
1 0.76875 0.4687500000000001 0.6984375 0.46875 0.6984375 0.6421875000000001 0.76875 0.6421875000000001
1 0.8640625 0.5968750000000002 0.80625 0.5968750000000002 0.80625 0.7453125000000002 0.8640625 0.7453125000000002
1 0.85625 0.5296875000000002 0.8109375 0.5296875000000002 0.8109375 0.6437500000000002 0.85625 0.6437500000000002
1 0.9703125 0.5718750000000001 0.8703125 0.5718750000000001 0.8703125 0.7468750000000002 0.9703125 0.7468750000000002
1 1 0.6906250000000002 0.96875 0.6906250000000002 0.96875 0.8828125 1 0.8828125
1 1 0.5593750000000002 0.984375 0.5593750000000002 0.984375 0.6828125000000002 1 0.6828125000000002
1 0.865625 0.4750000000000002 0.79375 0.4750000000000002 0.79375 0.5781250000000002 0.865625 0.5781250000000002
1 0.871875 0.3765625000000001 0.8234375 0.3765625000000001 0.8234375 0.4515625000000002 0.871875 0.4515625000000002
1 0.8953125 0.40625000000000017 0.8484375 0.40625000000000017 0.8484375 0.4984375000000002 0.8953125 0.4984375000000002
1 0.621875 0.3687500000000001 0.578125 0.3687500000000001 0.578125 0.43125 0.621875 0.43125
1 0.63125 0.3281250000000001 0.6 0.3281250000000001 0.6 0.3781250000000001 0.63125 0.3781250000000001
1 0.5390625 0.3656250000000001 0.4921875 0.3656250000000001 0.4921875 0.446875 0.5390625 0.446875
1 0.521875 0.3031250000000001 0.4875 0.3031250000000001 0.4875 0.3531250000000001 0.521875 0.3531250000000001
1 0.409375 0.2906250000000001 0.3734375 0.2906250000000001 0.3734375 0.33281250000000007 0.409375 0.33281250000000007
1 0.59375 0.2984375000000001 0.5671875 0.2984375000000001 0.5671875 0.3437500000000001 0.59375 0.3437500000000001
1 0.5984375 0.2609375000000001 0.5734375 0.2609375000000001 0.5734375 0.2984375000000001 0.5984375 0.2984375000000001
1 0.596875 0.2390625000000001 0.5765625 0.2390625000000001 0.5765625 0.2687500000000001 0.596875 0.2687500000000001
1 0.6578125 0.25468750000000007 0.640625 0.25468750000000007 0.640625 0.2968750000000001 0.6578125 0.2968750000000001
1 0.6234375 0.2156250000000001 0.60625 0.2156250000000001 0.60625 0.2406250000000001 0.6234375 0.2406250000000001
1 0.6171875 0.1921875000000001 0.5953125 0.1921875000000001 0.5953125 0.2296875000000001 0.6171875 0.2296875000000001
1 0.584375 0.1921875000000001 0.56875 0.1921875000000001 0.56875 0.2078125000000001 0.584375 0.2078125000000001
1 0.5484375 0.2156250000000001 0.5265625 0.2156250000000001 0.5265625 0.2406250000000001 0.5484375 0.2406250000000001
1 0.5515625 0.19843750000000007 0.534375 0.19843750000000004 0.534375 0.22656250000000008 0.5515625 0.22656250000000008
1 0.5375 0.2234375000000001 0.515625 0.2234375000000001 0.515625 0.25468750000000007 0.5375 0.25468750000000007
1 0.5453125 0.19062500000000007 0.528125 0.19062500000000004 0.528125 0.2156250000000001 0.5453125 0.2156250000000001
2 0.22343750000000004 0.3296875 0.2171875 0.3296875 0.21718750000000003 0.38125 0.2234375000000001 0.38125