0 0.89375 0.2875000000000001 0.7953125 0.2875000000000001 0.7953125 0.44531250000000017 0.89375 0.44531250000000017
2 0.846875 0.2578125000000001 0.840625 0.2578125000000001 0.840625 0.2812500000000001 0.846875 0.2812500000000001
2 0.2093750000000001 0.3875 0.19375000000000003 0.3875 0.19375000000000003 0.46875 0.2093750000000001 0.46875
2 0.17656250000000004 0.346875 0.16562500000000005 0.346875 0.16562500000000005 0.3828125 0.17656250000000004 0.3828125
2 0.359375 0.26875 0.3515625 0.26875 0.3515625 0.3140625 0.359375 0.3140625
2 0.36875 0.25312500000000004 0.3625 0.253125 0.3625 0.30156250000000007 0.36875 0.30156250000000007
2 0.4109375 0.2328125000000001 0.403125 0.2328125000000001 0.403125 0.2671875000000001 0.4109375 0.2671875000000001
2 0.4109375 0.2000000000000001 0.40625 0.2000000000000001 0.40625 0.2234375000000001 0.4109375 0.2234375000000001
2 0.4296875 0.19843750000000004 0.425 0.19843750000000004 0.425 0.22656250000000008 0.4296875 0.22656250000000008
2 0.4171875 0.17968750000000006 0.4125 0.17968750000000006 0.4125 0.20312500000000008 0.4171875 0.20312500000000008
3 0.35156250000000006 0.3484375 0.3046875 0.3484375 0.30468750000000006 0.409375 0.3515625000000001 0.409375
3 0.49375 0.19687500000000005 0.471875 0.19687500000000005 0.471875 0.2234375000000001 0.49375 0.2234375000000001
3 0.946875 0.5703125000000002 0.8640625 0.5703125000000002 0.8640625 0.7062500000000002 0.946875 0.7062500000000002
0 0.6859375 0.31718750000000007 0.6140625 0.31718750000000007 0.6140625 0.5171875 0.6859375 0.5171875
0 0.865625 0.35625000000000007 0.7828125 0.35625000000000007 0.7828125 0.6078125000000002 0.865625 0.6078125000000002
0 0.784375 0.2953125000000001 0.7171875 0.2953125000000001 0.7171875 0.4312500000000001 0.784375 0.4312500000000002
1 1 0.6453125000000002 0.9203125 0.6453125000000002 0.9203125 0.8015625 1 0.8015625
1 1 0.4828125000000002 0.91875 0.4828125000000002 0.91875 0.6093750000000002 1 0.6093750000000002
1 0.9375 0.4359375000000002 0.8703125 0.4359375000000002 0.8703125 0.5234375000000002 0.9375 0.5234375000000002
1 0.7828125 0.4078125000000002 0.75625 0.4078125000000002 0.75625 0.48437500000000017 0.7828125 0.48437500000000017
1 0.7203125 0.28593750000000007 0.6984375 0.28593750000000007 0.6984375 0.34843750000000007 0.7203125 0.34843750000000007
1 0.79375 0.2796875000000001 0.7546875 0.2796875000000001 0.7546875 0.3531250000000001 0.79375 0.3531250000000001
1 0.728125 0.2750000000000001 0.70625 0.2750000000000001 0.70625 0.2906250000000001 0.728125 0.2906250000000001
1 0.63125 0.24375000000000008 0.5875 0.24375000000000008 0.5875 0.2828125000000001 0.63125 0.2828125000000001
1 0.675 0.1828125000000001 0.6328125 0.1828125000000001 0.6328125 0.2062500000000001 0.675 0.2062500000000001
1 0.44375 0.21093750000000008 0.4296875 0.21093750000000008 0.4296875 0.2453125000000001 0.44375 0.2453125000000001
1 0.3984375 0.2531250000000001 0.378125 0.2531250000000001 0.378125 0.2921875000000001 0.3984375 0.2921875000000001
2 0.75625 0.1984375000000001 0.7515625 0.1984375000000001 0.7515625 0.2296875000000001 0.75625 0.2296875000000001
2 0.11718750000000004 0.321875 0.10625000000000004 0.321875 0.10625000000000004 0.3734375 0.11718750000000004 0.3734375