0 0.928125 0.5875000000000001 0.6359375 0.5875 0.6359375 1 0.928125 1
0 0.8375 0.3109375000000001 0.7484375 0.3109375000000001 0.7484375 0.5046875000000002 0.8375 0.5046875000000002
0 0.84375 0.2687500000000001 0.765625 0.2687500000000001 0.765625 0.38750000000000007 0.84375 0.38750000000000007
0 0.7296875 0.2531250000000001 0.68125 0.2531250000000001 0.68125 0.3625000000000001 0.7296875 0.3625000000000001
0 0.6453125 0.23593750000000008 0.6046875 0.23593750000000008 0.6046875 0.34843750000000007 0.6453125 0.34843750000000007
0 0.4859375 0.18125000000000005 0.459375 0.18125000000000005 0.459375 0.2140625000000001 0.4859375 0.2140625000000001
1 0.453125 0.2968750000000001 0.39375 0.2968750000000001 0.39375 0.3312500000000001 0.453125 0.3312500000000001
2 0.2078125000000001 0.3984375 0.19531250000000006 0.3984375 0.19531250000000006 0.4703125 0.2078125000000001 0.4703125
2 0.22187500000000004 0.321875 0.2109375 0.321875 0.21093750000000006 0.3765625 0.2218750000000001 0.3765625
2 0.14062500000000006 0.375 0.13281250000000006 0.375 0.13281250000000006 0.4390625 0.14062500000000006 0.4390625
2 0.30000000000000004 0.3609375 0.2921875 0.3609375 0.29218750000000004 0.421875 0.3000000000000001 0.421875
2 0.3578125 0.275 0.3515625 0.275 0.3515625 0.3234375 0.3578125 0.3234375
2 0.3671875 0.26250000000000007 0.3609375 0.2625 0.3609375 0.30937500000000007 0.3671875 0.30937500000000007
2 0.4015625 0.2468750000000001 0.396875 0.2468750000000001 0.396875 0.2828125000000001 0.4015625 0.2828125000000001
2 0.425 0.18593750000000003 0.421875 0.18593750000000003 0.421875 0.2062500000000001 0.425 0.2062500000000001
2 0.425 0.21093750000000008 0.4203125 0.21093750000000008 0.4203125 0.2375000000000001 0.425 0.2375000000000001
2 0.446875 0.2078125000000001 0.4421875 0.2078125000000001 0.4421875 0.2328125000000001 0.446875 0.2328125000000001
1 0.440625 0.2406250000000001 0.4234375 0.2406250000000001 0.4234375 0.2812500000000001 0.440625 0.2812500000000001
1 0.396875 0.2593750000000001 0.3765625 0.2593750000000001 0.3765625 0.2984375000000001 0.396875 0.2984375000000001
3 0.35000000000000003 0.35625 0.3046875 0.35625 0.30468750000000006 0.415625 0.3500000000000001 0.415625
3 0.89375 0.5218750000000002 0.825 0.5218750000000002 0.825 0.6296875000000002 0.89375 0.6296875000000002
3 0.54375 0.2156250000000001 0.5 0.2156250000000001 0.5 0.24375000000000008 0.54375 0.24375000000000008
1 0.9578125 0.5703125000000002 0.8703125 0.5703125000000002 0.8703125 0.7078125000000002 0.9578125 0.7078125000000002
1 1 0.5078125000000002 0.94375 0.5078125000000002 0.94375 0.6390625000000002 1 0.6390625000000002
1 0.940625 0.4343750000000002 0.871875 0.4343750000000002 0.871875 0.5406250000000001 0.940625 0.5406250000000001
1 0.8953125 0.3984375000000001 0.8453125 0.3984375000000001 0.8453125 0.4734375000000002 0.8953125 0.4734375000000002
2 0.921875 0.3781250000000001 0.9078125 0.3781250000000001 0.9078125 0.4125000000000002 0.921875 0.4125000000000002
2 0.946875 0.2968750000000001 0.9375 0.2968750000000001 0.9375 0.34843750000000007 0.946875 0.34843750000000007
2 0.9546875 0.30156250000000007 0.94375 0.30156250000000007 0.94375 0.35625000000000007 0.9546875 0.35625000000000007
1 0.75 0.3359375000000001 0.71875 0.3359375000000001 0.71875 0.3937500000000001 0.75 0.3937500000000001
1 0.7578125 0.2515625000000001 0.725 0.2515625000000001 0.725 0.3187500000000001 0.7578125 0.3187500000000001
1 0.6828125 0.2531250000000001 0.675 0.2531250000000001 0.675 0.2984375000000001 0.6828125 0.2984375000000001
1 0.5453125 0.19531250000000006 0.5296875 0.19531250000000006 0.5296875 0.2171875000000001 0.5453125 0.2171875000000001
1 0.571875 0.1859375000000001 0.5546875 0.1859375000000001 0.5546875 0.20468750000000008 0.571875 0.20468750000000008
1 0.5875 0.18750000000000008 0.571875 0.18750000000000008 0.571875 0.1984375000000001 0.5875 0.1984375000000001