3 0.3890625000000001 0.803125 0.2562500000000001 0.803125 0.2562500000000001 1 0.3890625000000001 1
3 0.16875000000000012 0.921875 0.007812500000000114 0.921875 0.007812500000000118 1 0.16875000000000012 1
3 0.5671875000000002 0.7421875 0.46406250000000016 0.7421875 0.46406250000000016 0.96875 0.5671875000000002 0.96875
3 0.7859375000000001 0.596875 0.6875 0.596875 0.6875000000000001 0.7484375000000001 0.7859375000000002 0.7484375000000002
3 0.54375 0.53125 0.4734375 0.53125 0.4734375 0.6453125 0.54375 0.6453125
3 0.934375 0.5328125000000001 0.8578125 0.5328125000000001 0.8578125 0.6515625000000002 0.934375 0.6515625000000002
3 1 0.8984375 0.934375 0.8984375 0.934375 1 1 1
3 0.4453125 0.35625000000000007 0.4 0.35625000000000007 0.4 0.421875 0.4453125 0.421875
3 0.3421875000000001 0.3734375 0.29375000000000007 0.3734375 0.29375000000000007 0.4484375 0.3421875000000001 0.4484375
3 0.6234375 0.35625000000000007 0.578125 0.35625000000000007 0.578125 0.425 0.6234375 0.425
1 0.540625 0.2468750000000001 0.5109375 0.2468750000000001 0.5109375 0.2890625000000001 0.540625 0.2890625000000001
1 0.5140625 0.2078125000000001 0.496875 0.2078125000000001 0.496875 0.24375000000000008 0.5140625 0.24375000000000008
3 0.5484375 0.2171875000000001 0.5234375 0.2171875000000001 0.5234375 0.2593750000000001 0.5484375 0.2593750000000001
2 0.11875000000000006 0.496875 0.09375000000000007 0.496875 0.09375000000000007 0.596875 0.11875000000000009 0.596875
2 0.04687500000000006 0.4734375 0.03281250000000006 0.4734375 0.032812500000000064 0.5421875 0.04687500000000007 0.5421875
2 0.12187500000000004 0.378125 0.10781250000000005 0.378125 0.10781250000000005 0.44375 0.12187500000000004 0.44375
2 0.13281250000000006 0.4015625 0.12187500000000004 0.4015625 0.12187500000000004 0.4453125 0.13281250000000006 0.4453125
2 0.18125000000000005 0.3890625 0.16562500000000005 0.3890625 0.16562500000000005 0.453125 0.18125000000000005 0.453125
2 0.20000000000000004 0.3484375 0.18593750000000003 0.3484375 0.18593750000000003 0.4046875 0.2000000000000001 0.4046875
2 0.21406250000000004 0.334375 0.2015625 0.334375 0.20156250000000003 0.396875 0.2140625000000001 0.396875
2 0.22187500000000004 0.3265625 0.2125 0.3265625 0.21250000000000005 0.3765625 0.2218750000000001 0.3765625
0 0.9515625 0.3265625000000001 0.8265625 0.3265625000000001 0.8265625 0.5156250000000002 0.9515625 0.5156250000000002
2 0.9046875 0.28593750000000007 0.8921875 0.28593750000000007 0.8921875 0.3359375000000001 0.9046875 0.3359375000000001
2 0.9203125 0.29375000000000007 0.9078125 0.29375000000000007 0.9078125 0.3453125000000001 0.9203125 0.3453125000000001
2 0.35000000000000003 0.31875 0.3390625 0.31875 0.33906250000000004 0.378125 0.3500000000000001 0.378125
2 0.36875 0.26250000000000007 0.35625 0.2625 0.35625 0.31250000000000006 0.36875 0.3125000000000001
1 0.3953125 0.2609375000000001 0.3703125 0.2609375000000001 0.3703125 0.3031250000000001 0.3953125 0.3031250000000001
1 0.4265625 0.2734375000000001 0.3953125 0.2734375000000001 0.3953125 0.3109375000000001 0.4265625 0.3109375000000001
2 0.43125 0.2171875000000001 0.4203125 0.2171875000000001 0.4203125 0.2671875000000001 0.43125 0.2671875000000001
1 0.46875 0.2578125000000001 0.44375 0.2578125000000001 0.44375 0.30937500000000007 0.46875 0.30937500000000007
1 0.4421875 0.2000000000000001 0.4078125 0.2000000000000001 0.4078125 0.23593750000000008 0.4421875 0.23593750000000008
2 0.45 0.20468750000000008 0.4421875 0.20468750000000008 0.4421875 0.24218750000000008 0.45 0.24218750000000008
1 0.6765625000000001 0.6515625 0.5890625 0.6515625 0.5890625 0.8046875 0.6765625000000002 0.8046875
1 0.85 0.7109375000000002 0.7296875 0.7109375000000002 0.7296875 0.9 0.85 0.9
1 0.978125 0.5984375000000002 0.8875 0.5984375000000002 0.8875 0.7546875000000002 0.978125 0.7546875000000002
1 1 0.6843750000000002 0.975 0.6843750000000002 0.975 0.85 1 0.85
1 1 0.5203125000000002 0.9546875 0.5203125000000002 0.9546875 0.6812500000000001 1 0.6812500000000001
1 0.9828125 0.4656250000000002 0.90625 0.4656250000000002 0.90625 0.5890625000000002 0.9828125 0.5890625000000002
1 0.6453125 0.5390625 0.58125 0.5390625 0.58125 0.64375 0.6453125 0.64375
1 0.428125 0.5640625 0.3437500000000001 0.5640625 0.3437500000000001 0.7203125 0.428125 0.7203125
1 0.2234375000000001 0.4453125 0.15000000000000005 0.4453125 0.15000000000000008 0.5625 0.2234375000000001 0.5625
1 0.503125 0.3859375000000001 0.453125 0.3859375000000001 0.453125 0.459375 0.503125 0.459375
1 0.5546875 0.4265625 0.503125 0.4265625 0.503125 0.5078125 0.5546875 0.5078125
1 0.64375 0.459375 0.5859375 0.459375 0.5859375 0.553125 0.64375 0.553125
1 0.7171875 0.428125 0.665625 0.428125 0.665625 0.5140625 0.7171875 0.5140625
1 0.759375 0.5328125000000001 0.69375 0.5328125 0.69375 0.6234375000000001 0.759375 0.6234375000000002
1 0.7671875 0.4859375000000001 0.70625 0.4859375 0.70625 0.5875000000000001 0.7671875 0.5875000000000001
1 0.8515625 0.4546875000000002 0.7578125 0.4546875000000002 0.7578125 0.5890625000000002 0.8515625 0.5890625000000002
1 0.8390625 0.4203125000000002 0.7859375 0.4203125000000002 0.7859375 0.49218750000000017 0.8390625 0.49218750000000017
1 0.7859375 0.40156250000000016 0.7546875 0.40156250000000016 0.7546875 0.47656250000000017 0.7859375 0.47656250000000017
1 0.7796875 0.37187500000000007 0.7328125 0.37187500000000007 0.7328125 0.42968750000000017 0.7796875 0.42968750000000017
1 0.8078125 0.3859375000000001 0.7796875 0.3859375000000001 0.7796875 0.4359375000000002 0.8078125 0.4359375000000002
1 0.83125 0.3453125000000001 0.7984375 0.3453125000000001 0.7984375 0.4156250000000002 0.83125 0.4156250000000002
1 0.8015625 0.30937500000000007 0.7703125 0.30937500000000007 0.7703125 0.37187500000000007 0.8015625 0.37187500000000007
1 0.7203125 0.3437500000000001 0.6671875 0.3437500000000001 0.6671875 0.4625 0.7203125 0.4625
1 0.640625 0.403125 0.59375 0.403125 0.59375 0.471875 0.640625 0.471875
1 0.51875 0.3359375000000001 0.4765625 0.3359375000000001 0.4765625 0.40625 0.51875 0.40625
1 0.5140625 0.3031250000000001 0.4796875 0.3031250000000001 0.4796875 0.3421875000000001 0.5140625 0.3421875000000001
1 0.5765625 0.3156250000000001 0.546875 0.3156250000000001 0.546875 0.3750000000000001 0.5765625 0.3750000000000001
1 0.6234375 0.3140625000000001 0.5921875 0.3140625000000001 0.5921875 0.3625000000000001 0.6234375 0.3625000000000001
1 0.621875 0.2953125000000001 0.590625 0.2953125000000001 0.590625 0.3390625000000001 0.621875 0.3390625000000001
1 0.5765625 0.2750000000000001 0.5484375 0.2750000000000001 0.5484375 0.3203125000000001 0.5765625 0.3203125000000001
1 0.625 0.25468750000000007 0.5921875 0.25468750000000007 0.5921875 0.3156250000000001 0.625 0.3156250000000001
1 0.6609375 0.2375000000000001 0.621875 0.2375000000000001 0.621875 0.2750000000000001 0.6609375 0.2750000000000001
1 0.5875 0.2218750000000001 0.5640625 0.2218750000000001 0.5640625 0.2593750000000001 0.5875 0.2593750000000001
1 0.5265625 0.19531250000000006 0.5109375 0.19531250000000006 0.5109375 0.2156250000000001 0.5265625 0.2156250000000001
1 0.553125 0.2000000000000001 0.5390625 0.2000000000000001 0.5390625 0.2250000000000001 0.553125 0.2250000000000001
1 0.58125 0.1906250000000001 0.5625 0.1906250000000001 0.5625 0.21250000000000008 0.58125 0.21250000000000008
1 0.603125 0.1906250000000001 0.5875 0.1906250000000001 0.5875 0.2093750000000001 0.603125 0.2093750000000001
0 0.70625 0.27031250000000007 0.6359375 0.27031250000000007 0.6359375 0.4078125 0.70625 0.4078125
0 0.7734375 0.2671875000000001 0.7015625 0.2671875000000001 0.7015625 0.3968750000000001 0.7734375 0.3968750000000001
0 0.73125 0.22656250000000008 0.6765625 0.22656250000000008 0.6765625 0.3343750000000001 0.73125 0.3343750000000001
0 0.7 0.20312500000000008 0.6640625 0.20312500000000008 0.6640625 0.2890625000000001 0.7 0.2890625000000001
0 0.665625 0.1843750000000001 0.6390625 0.1843750000000001 0.6390625 0.23437500000000008 0.665625 0.23437500000000008
2 0.05468750000000007 0.5203125 0.042187500000000065 0.5203125 0.042187500000000065 0.5890625 0.05468750000000007 0.5890625