3 0.8671875 0.9421875 0.7484375000000002 0.9421875 0.7484375000000002 1 0.8671875 1
3 0.6875000000000001 0.7078125 0.596875 0.7078125 0.596875 0.8859375 0.6875000000000002 0.8859375
3 0.7781250000000001 0.6015625000000001 0.6984375 0.6015625 0.6984375 0.7375 0.7781250000000002 0.7375000000000002
1 0.9921875 0.5843750000000002 0.9 0.5843750000000002 0.9 0.7296875000000002 0.9921875 0.7296875000000002
3 1 0.5562500000000001 0.96875 0.5562500000000001 0.96875 0.6906250000000002 1 0.6906250000000002
3 0.85625 0.4656250000000002 0.7984375 0.4656250000000002 0.7984375 0.5703125000000002 0.85625 0.5703125000000002
3 0.81875 0.4156250000000002 0.7671875 0.4156250000000002 0.7671875 0.5000000000000002 0.81875 0.5000000000000002
3 0.553125 0.3656250000000001 0.5125 0.3656250000000001 0.5125 0.4484375 0.553125 0.4484375
3 0.5 0.2390625000000001 0.4765625 0.2390625000000001 0.4765625 0.2750000000000001 0.5 0.2750000000000001
1 0.5484375 0.2515625000000001 0.5234375 0.2515625000000001 0.5234375 0.2921875000000001 0.5484375 0.2921875000000001
3 0.540625 0.23437500000000008 0.51875 0.23437500000000008 0.51875 0.2671875000000001 0.540625 0.2671875000000001
1 0.5203125 0.2078125000000001 0.5015625 0.2078125000000001 0.5015625 0.2312500000000001 0.5203125 0.2312500000000001
3 0.5328125 0.19062500000000004 0.5171875 0.19062500000000004 0.5171875 0.2078125000000001 0.5328125 0.2078125000000001
2 0.11093750000000006 0.5 0.09531250000000006 0.5 0.09531250000000006 0.6046875 0.11093750000000009 0.6046875
2 0.10937500000000004 0.4375 0.09687500000000004 0.4375 0.09687500000000006 0.5109375 0.10937500000000004 0.5109375
2 0.08750000000000006 0.4546875 0.07656250000000006 0.4546875 0.07656250000000006 0.5109375 0.08750000000000006 0.5109375
1 0.017187500000000057 0.4296875 5.262154215086284e-17 0.4296875 5.683126552293186e-17 0.4984375 0.01718750000000006 0.4984375
2 0.06718750000000005 0.43125 0.057812500000000044 0.43125 0.05781250000000006 0.4953125 0.06718750000000007 0.4953125
2 0.12656250000000005 0.3875 0.11562500000000005 0.3875 0.11562500000000005 0.453125 0.12656250000000005 0.453125
2 0.17968750000000006 0.3921875 0.16875000000000004 0.3921875 0.16875000000000004 0.46875 0.17968750000000006 0.46875
2 0.16250000000000003 0.3734375 0.15156250000000004 0.3734375 0.15156250000000004 0.3984375 0.16250000000000003 0.3984375
2 0.16875000000000004 0.359375 0.16093750000000004 0.359375 0.16093750000000004 0.396875 0.16875000000000004 0.396875
2 0.18125000000000005 0.365625 0.17031250000000003 0.365625 0.17031250000000003 0.4 0.18125000000000005 0.4
2 0.20468750000000005 0.328125 0.19375000000000003 0.328125 0.19375000000000003 0.3875 0.20468750000000008 0.3875
2 0.22031250000000005 0.328125 0.2125 0.328125 0.21250000000000005 0.3859375 0.22031250000000008 0.3859375
2 0.3140625 0.35625 0.3 0.35625 0.30000000000000004 0.4140625 0.3140625000000001 0.4140625
2 0.35625 0.2765625 0.3484375 0.2765625 0.3484375 0.334375 0.35625 0.334375
2 0.365625 0.2671875 0.359375 0.2671875 0.359375 0.31875000000000003 0.365625 0.3187500000000001
2 0.946875 0.3734375000000001 0.9359375 0.3734375000000001 0.9359375 0.44843750000000016 0.946875 0.44843750000000016
2 0.965625 0.35625000000000007 0.9546875 0.35625000000000007 0.9546875 0.43750000000000017 0.965625 0.43750000000000017
2 0.95 0.34062500000000007 0.9375 0.34062500000000007 0.9375 0.4000000000000002 0.95 0.4000000000000002
2 0.934375 0.3421875000000001 0.9296875 0.3421875000000001 0.9296875 0.39531250000000007 0.934375 0.39531250000000007
2 0.91875 0.2812500000000001 0.9125 0.2812500000000001 0.9125 0.3359375000000001 0.91875 0.3359375000000001
2 0.896875 0.2796875000000001 0.8875 0.2796875000000001 0.8875 0.3343750000000001 0.896875 0.3343750000000001
0 0.8515625 0.2750000000000001 0.771875 0.2750000000000001 0.771875 0.4078125000000002 0.8515625 0.4078125000000002
0 0.75625 0.25468750000000007 0.6953125 0.25468750000000007 0.6953125 0.3765625000000001 0.75625 0.3765625000000001
0 0.6984375 0.2718750000000001 0.6359375 0.2718750000000001 0.6359375 0.409375 0.6984375 0.409375
0 0.71875 0.2234375000000001 0.671875 0.2234375000000001 0.671875 0.3187500000000001 0.71875 0.3187500000000001
0 0.7 0.2000000000000001 0.6609375 0.2000000000000001 0.6609375 0.2906250000000001 0.7 0.2906250000000001
1 1 0.6890625000000001 0.953125 0.6890625000000001 0.953125 0.865625 1 0.865625
1 0.8484375 0.7109375000000002 0.73125 0.7109375000000002 0.7312500000000001 0.896875 0.8484375 0.896875
1 0.915625 0.5250000000000001 0.84375 0.5250000000000001 0.84375 0.6406250000000002 0.915625 0.6406250000000002
1 0.9734375 0.4593750000000002 0.8921875 0.4593750000000002 0.8921875 0.5796875000000001 0.9734375 0.5796875000000001
1 0.90625 0.39531250000000007 0.846875 0.39531250000000007 0.846875 0.5000000000000002 0.90625 0.5000000000000002
1 0.7140625000000002 0.975 0.6046875000000002 0.975 0.6046875000000002 1 0.7140625000000002 1
1 0.14843750000000008 0.725 0.02968750000000009 0.725 0.0296875000000001 0.884375 0.14843750000000008 0.884375
1 0.22656250000000008 0.4828125 0.16250000000000003 0.4828125 0.16250000000000006 0.5859375 0.22656250000000008 0.5859375
1 0.09062500000000005 0.4 0.01406250000000005 0.4 0.014062500000000052 0.4734375 0.09062500000000007 0.4734375
1 0.4234375 0.3859375000000001 0.3703125000000001 0.3859375000000001 0.3703125000000001 0.4890625 0.4234375 0.4890625
1 0.3515625000000001 0.3703125 0.31718750000000007 0.3703125 0.31718750000000007 0.446875 0.3515625000000001 0.446875
1 0.4265625 0.5453125 0.3421875000000001 0.5453125 0.3421875000000001 0.64375 0.4265625 0.64375
1 0.5406250000000001 0.7 0.4453125 0.7 0.4453125000000001 0.8578125 0.5406250000000001 0.8578125
1 0.5890625 0.546875 0.5203125 0.546875 0.5203125 0.684375 0.5890625 0.684375
1 0.64375 0.4671875 0.596875 0.4671875 0.596875 0.55 0.64375 0.55
1 0.7046875 0.4078125 0.6609375 0.4078125 0.6609375 0.4765625 0.7046875 0.4765625
1 0.7640625 0.41875000000000007 0.7015625 0.41875 0.7015625 0.5203125000000001 0.7640625 0.5203125000000002
1 0.7671875 0.4875000000000001 0.70625 0.4875 0.70625 0.5906250000000001 0.7671875 0.5906250000000002
1 0.7609375 0.5312500000000001 0.690625 0.53125 0.690625 0.6328125000000001 0.7609375 0.6328125000000002
1 0.64375 0.409375 0.6015625 0.409375 0.6015625 0.4765625 0.64375 0.4765625
1 0.79375 0.3812500000000001 0.7484375 0.3812500000000001 0.7484375 0.4578125000000002 0.79375 0.4578125000000002
1 0.7578125 0.3656250000000001 0.73125 0.3656250000000001 0.73125 0.42500000000000016 0.7578125 0.42500000000000016
1 0.7859375 0.3468750000000001 0.75625 0.3468750000000001 0.75625 0.4031250000000002 0.7859375 0.4031250000000002
1 0.7578125 0.3421875000000001 0.71875 0.3421875000000001 0.71875 0.3937500000000001 0.7578125 0.3937500000000001
1 0.63125 0.32500000000000007 0.5890625 0.32500000000000007 0.5890625 0.409375 0.63125 0.409375
1 0.5765625 0.3218750000000001 0.546875 0.3218750000000001 0.546875 0.37187500000000007 0.5765625 0.37187500000000007
1 0.515625 0.34843750000000007 0.4875 0.34843750000000007 0.4875 0.4171875 0.515625 0.4171875
1 0.5171875 0.32500000000000007 0.4828125 0.32500000000000007 0.4828125 0.37187500000000007 0.5171875 0.37187500000000007
1 0.4859375 0.28593750000000007 0.4578125 0.28593750000000007 0.4578125 0.3234375000000001 0.4859375 0.3234375000000001
1 0.4734375 0.2609375000000001 0.45 0.2609375000000001 0.45 0.29375000000000007 0.4734375 0.29375000000000007
1 0.5390625 0.2765625000000001 0.5140625 0.2765625000000001 0.5140625 0.3109375000000001 0.5390625 0.3109375000000001
1 0.5875 0.2750000000000001 0.5578125 0.2750000000000001 0.5578125 0.3187500000000001 0.5875 0.3187500000000001
1 0.6140625 0.3000000000000001 0.5859375 0.3000000000000001 0.5859375 0.3437500000000001 0.6140625 0.3437500000000001
1 0.6234375 0.2796875000000001 0.6 0.2796875000000001 0.6 0.31718750000000007 0.6234375 0.31718750000000007
1 0.6109375 0.2593750000000001 0.5859375 0.2593750000000001 0.5859375 0.2921875000000001 0.6109375 0.2921875000000001
1 0.6375 0.24218750000000008 0.6078125 0.24218750000000008 0.6078125 0.2750000000000001 0.6375 0.2750000000000001
1 0.6625 0.2218750000000001 0.653125 0.2218750000000001 0.653125 0.2484375000000001 0.6625 0.2484375000000001
1 0.5890625 0.22031250000000008 0.5671875 0.22031250000000008 0.5671875 0.2593750000000001 0.5890625 0.2593750000000001
1 0.5453125 0.2234375000000001 0.5265625 0.2234375000000001 0.5265625 0.2484375000000001 0.5453125 0.2484375000000001
1 0.553125 0.20468750000000008 0.5359375 0.20468750000000008 0.5359375 0.22812500000000008 0.553125 0.22812500000000008
1 0.596875 0.1921875000000001 0.58125 0.1921875000000001 0.58125 0.2171875000000001 0.596875 0.2171875000000001
1 0.4296875 0.2671875000000001 0.4 0.2671875000000001 0.4 0.3062500000000001 0.4296875 0.3062500000000001
1 0.3953125 0.2656250000000001 0.375 0.2656250000000001 0.375 0.3046875000000001 0.3953125 0.3046875000000001
2 0.434375 0.22031250000000008 0.428125 0.22031250000000008 0.428125 0.2593750000000001 0.434375 0.2593750000000001
2 0.40625 0.2296875000000001 0.4015625 0.2296875000000001 0.4015625 0.24375000000000008 0.40625 0.24375000000000008
2 0.4125 0.2156250000000001 0.4046875 0.2156250000000001 0.4046875 0.2375000000000001 0.4125 0.2375000000000001
2 0.4234375 0.2156250000000001 0.41875 0.2156250000000001 0.41875 0.2468750000000001 0.4234375 0.2468750000000001
2 0.4265625 0.21250000000000008 0.421875 0.21250000000000008 0.421875 0.2375000000000001 0.4265625 0.2375000000000001
2 0.4453125 0.2093750000000001 0.4390625 0.2093750000000001 0.4390625 0.24375000000000008 0.4453125 0.24375000000000008
2 0.8640625 0.27031250000000007 0.8546875 0.27031250000000007 0.8546875 0.3078125000000001 0.8640625 0.3078125000000001