2 0.9671875 0.3843750000000001 0.959375 0.3843750000000001 0.959375 0.44843750000000016 0.9671875 0.44843750000000016
2 0.946875 0.3750000000000001 0.9359375 0.3750000000000001 0.9359375 0.44531250000000017 0.946875 0.44531250000000017
2 0.9390625 0.3625000000000001 0.93125 0.3625000000000001 0.93125 0.4281250000000002 0.9390625 0.4281250000000002
2 0.9578125 0.3531250000000001 0.9484375 0.3531250000000001 0.9484375 0.43281250000000016 0.9578125 0.43281250000000016
2 0.94375 0.3375000000000001 0.9328125 0.3375000000000001 0.9328125 0.3921875000000001 0.94375 0.3921875000000001
2 0.921875 0.3156250000000001 0.915625 0.3156250000000001 0.915625 0.3750000000000001 0.921875 0.3750000000000001
2 0.915625 0.2765625000000001 0.9078125 0.2765625000000001 0.9078125 0.3312500000000001 0.915625 0.3312500000000001
2 0.11406250000000007 0.49375 0.10000000000000005 0.49375 0.10000000000000006 0.59375 0.1140625000000001 0.59375
2 0.04375000000000006 0.475 0.031250000000000056 0.475 0.03125000000000006 0.5328125 0.04375000000000007 0.5328125
2 0.11875000000000005 0.4265625 0.10468750000000004 0.4265625 0.10468750000000004 0.5 0.11875000000000005 0.5
2 0.09062500000000005 0.440625 0.07968750000000005 0.440625 0.07968750000000005 0.50625 0.09062500000000007 0.50625
2 0.13593750000000004 0.38125 0.12500000000000006 0.38125 0.12500000000000006 0.45 0.13593750000000004 0.45
2 0.16875000000000004 0.365625 0.15937500000000004 0.365625 0.15937500000000004 0.39375 0.16875000000000004 0.39375
2 0.17500000000000004 0.3546875 0.16406250000000006 0.3546875 0.16406250000000006 0.3921875 0.17500000000000004 0.3921875
2 0.18906250000000005 0.3609375 0.17500000000000004 0.3609375 0.17500000000000004 0.3984375 0.18906250000000005 0.3984375
2 0.21093750000000006 0.328125 0.2015625 0.328125 0.20156250000000003 0.3875 0.21093750000000008 0.3875
2 0.22343750000000004 0.3265625 0.215625 0.3265625 0.21562500000000004 0.3859375 0.2234375000000001 0.3859375
2 0.321875 0.3515625 0.309375 0.3515625 0.30937500000000007 0.4109375 0.3218750000000001 0.4109375
2 0.17968750000000006 0.3921875 0.16875000000000004 0.3921875 0.16875000000000004 0.465625 0.17968750000000006 0.465625
2 0.3546875 0.2828125 0.3484375 0.2828125 0.3484375 0.3296875 0.3546875 0.3296875
2 0.365625 0.26875000000000004 0.359375 0.26875 0.359375 0.31093750000000003 0.365625 0.3109375000000001
2 0.4046875 0.2296875000000001 0.3984375 0.2296875000000001 0.3984375 0.2656250000000001 0.4046875 0.2656250000000001
2 0.4234375 0.2156250000000001 0.4171875 0.2156250000000001 0.4171875 0.24375000000000008 0.4234375 0.24375000000000008
2 0.434375 0.21875000000000008 0.428125 0.21875000000000008 0.428125 0.2531250000000001 0.434375 0.2531250000000001
2 0.44375 0.21250000000000008 0.4390625 0.21250000000000008 0.4390625 0.2406250000000001 0.44375 0.2406250000000001
3 0.86875 0.94375 0.7453125000000002 0.94375 0.7453125000000002 1 0.86875 1
3 0.7812500000000001 0.5984375000000001 0.6953125 0.5984375 0.6953125000000001 0.7453125 0.7812500000000002 0.7453125000000002
3 0.8609375 0.4750000000000002 0.8 0.4750000000000002 0.8 0.5796875000000001 0.8609375 0.5796875000000001
3 0.8171875 0.41718750000000016 0.7671875 0.41718750000000016 0.7671875 0.5015625000000001 0.8171875 0.5015625000000001
1 1 0.6000000000000002 0.915625 0.6000000000000002 0.915625 0.7515625000000001 1 0.7515625000000001
3 1 0.5609375000000002 0.9703125 0.5609375000000002 0.9703125 0.6578125000000001 1 0.6578125000000001
3 0.546875 0.34062500000000007 0.5078125 0.34062500000000007 0.5078125 0.41875 0.546875 0.41875
3 0.54375 0.2250000000000001 0.5234375 0.2250000000000001 0.5234375 0.2578125000000001 0.54375 0.2578125000000001
3 0.5046875 0.2296875000000001 0.4828125 0.2296875000000001 0.4828125 0.2609375000000001 0.5046875 0.2609375000000001
3 0.525 0.19687500000000005 0.5078125 0.19687500000000005 0.5078125 0.2234375000000001 0.525 0.2234375000000001
3 0.5359375 0.18906250000000005 0.5203125 0.18906250000000005 0.5203125 0.20468750000000008 0.5359375 0.20468750000000008
3 0.6734375000000001 0.6265625 0.59375 0.6265625 0.5937500000000001 0.7671875 0.6734375000000001 0.7671875
0 0.7 0.27031250000000007 0.6375 0.27031250000000007 0.6375 0.409375 0.7 0.409375
0 0.75625 0.25468750000000007 0.7 0.25468750000000007 0.7 0.37968750000000007 0.75625 0.37968750000000007
0 0.85625 0.27812500000000007 0.778125 0.27812500000000007 0.778125 0.42187500000000017 0.85625 0.42187500000000017
0 0.7171875 0.21875000000000008 0.671875 0.21875000000000008 0.671875 0.33281250000000007 0.7171875 0.33281250000000007
0 0.7 0.2015625000000001 0.6609375 0.2015625000000001 0.6609375 0.3000000000000001 0.7 0.3000000000000001
1 0.78125 0.2921875000000001 0.7546875 0.2921875000000001 0.7546875 0.3515625000000001 0.78125 0.3515625000000001
1 0.79375 0.37968750000000007 0.7484375 0.37968750000000007 0.7484375 0.4515625000000002 0.79375 0.4515625000000002
1 0.7859375 0.3515625000000001 0.7578125 0.3515625000000001 0.7578125 0.40625000000000017 0.7859375 0.40625000000000017
1 0.7609375 0.34843750000000007 0.71875 0.34843750000000007 0.71875 0.4015625000000001 0.7609375 0.40156250000000016
1 0.7546875 0.3625000000000001 0.73125 0.3625000000000001 0.73125 0.42968750000000017 0.7546875 0.42968750000000017
1 0.7140625 0.3390625000000001 0.6640625 0.3390625000000001 0.6640625 0.434375 0.7140625 0.434375
1 0.70625 0.40625 0.6625 0.40625 0.6625 0.484375 0.70625 0.484375
1 0.775 0.4203125000000001 0.7015625 0.4203125 0.7015625 0.5328125000000001 0.775 0.5328125000000001
1 0.7671875 0.4859375000000001 0.70625 0.4859375 0.70625 0.5906250000000001 0.7671875 0.5906250000000002
1 0.7609375 0.5281250000000001 0.69375 0.528125 0.69375 0.6375000000000001 0.7609375 0.6375000000000002
1 0.590625 0.4953125 0.528125 0.4953125 0.528125 0.6125 0.590625 0.6125
1 0.9171875 0.4078125000000002 0.85625 0.4078125000000002 0.85625 0.5140625000000002 0.9171875 0.5140625000000002
1 0.98125 0.4656250000000002 0.8953125 0.4656250000000002 0.8953125 0.5859375000000002 0.98125 0.5859375000000002
1 0.9234375 0.5406250000000001 0.8515625 0.5406250000000001 0.8515625 0.6625000000000002 0.9234375 0.6625000000000002
1 1 0.7265625000000002 0.975 0.7265625000000002 0.975 0.8609375 1 0.8609375
1 0.846875 0.7093750000000002 0.7265625 0.7093750000000002 0.7265625000000001 0.890625 0.846875 0.890625
1 0.7078125000000002 0.821875 0.5921875000000002 0.821875 0.5921875000000002 1 0.7078125000000002 1
1 0.5437500000000002 0.93125 0.4109375000000002 0.93125 0.4109375000000002 1 0.5437500000000002 1
1 0.37968750000000007 0.8453125 0.2531250000000001 0.8453125 0.2531250000000001 1 0.37968750000000007 1
3 0.10937500000000014 0.9296875 1.1385388210823048e-16 0.9296875 1.1815928101148291e-16 1 0.10937500000000014 1
1 0.20312500000000008 0.6125 0.11093750000000009 0.6125 0.11093750000000009 0.746875 0.20312500000000008 0.746875
1 0.22031250000000008 0.471875 0.15625000000000006 0.471875 0.15625000000000006 0.5734375 0.22031250000000008 0.5734375
1 0.5484375000000001 0.6015625 0.471875 0.6015625 0.4718750000000001 0.740625 0.5484375000000001 0.740625
1 0.4625 0.4625 0.3937500000000001 0.4625 0.3937500000000001 0.55625 0.4625 0.55625
1 0.44375 0.3437500000000001 0.396875 0.3437500000000001 0.39687500000000003 0.4296875 0.44375 0.4296875
1 0.36562500000000003 0.353125 0.334375 0.353125 0.33437500000000003 0.421875 0.3656250000000001 0.421875
1 0.640625 0.4328125 0.5953125 0.4328125 0.5953125 0.5171875 0.640625 0.5171875
1 0.6390625 0.3812500000000001 0.5984375 0.3812500000000001 0.5984375 0.4453125 0.6390625 0.4453125
1 0.6296875 0.3062500000000001 0.5890625 0.3062500000000001 0.5890625 0.3937500000000001 0.6296875 0.3937500000000001
1 0.575 0.3062500000000001 0.5453125 0.3062500000000001 0.5453125 0.3609375000000001 0.575 0.3609375000000001
1 0.5171875 0.3281250000000001 0.4921875 0.3281250000000001 0.4921875 0.3828125000000001 0.5171875 0.3828125000000001
1 0.5234375 0.30156250000000007 0.49375 0.30156250000000007 0.49375 0.3515625000000001 0.5234375 0.3515625000000001
1 0.4921875 0.2656250000000001 0.4671875 0.2656250000000001 0.4671875 0.3046875000000001 0.4921875 0.3046875000000001
1 0.478125 0.2468750000000001 0.45625 0.2468750000000001 0.45625 0.2796875000000001 0.478125 0.2796875000000001
1 0.43125 0.2656250000000001 0.4015625 0.2656250000000001 0.4015625 0.3046875000000001 0.43125 0.3046875000000001
1 0.3953125 0.2640625000000001 0.375 0.2640625000000001 0.375 0.3046875000000001 0.3953125 0.3046875000000001
1 0.54375 0.2593750000000001 0.51875 0.2593750000000001 0.51875 0.2968750000000001 0.54375 0.2968750000000001
1 0.5859375 0.2656250000000001 0.559375 0.2656250000000001 0.559375 0.3062500000000001 0.5859375 0.3062500000000001
1 0.615625 0.2906250000000001 0.5875 0.2906250000000001 0.5875 0.3281250000000001 0.615625 0.3281250000000001
1 0.625 0.27031250000000007 0.6015625 0.27031250000000007 0.6015625 0.3062500000000001 0.625 0.3062500000000001
1 0.6109375 0.2515625000000001 0.5875 0.2515625000000001 0.5875 0.2843750000000001 0.6109375 0.2843750000000001
1 0.64375 0.2390625000000001 0.615625 0.2390625000000001 0.615625 0.2734375000000001 0.64375 0.2734375000000001
1 0.6640625 0.2234375000000001 0.6546875 0.2234375000000001 0.6546875 0.2531250000000001 0.6640625 0.2531250000000001
1 0.590625 0.21093750000000008 0.5703125 0.21093750000000008 0.5703125 0.2484375000000001 0.590625 0.2484375000000001
1 0.5453125 0.21250000000000008 0.528125 0.21250000000000008 0.528125 0.23593750000000008 0.5453125 0.23593750000000008
1 0.5546875 0.19843750000000007 0.5375 0.19843750000000004 0.5375 0.2218750000000001 0.5546875 0.2218750000000001
1 0.553125 0.19062500000000007 0.5375 0.19062500000000004 0.5375 0.2062500000000001 0.553125 0.2062500000000001
1 0.5953125 0.1906250000000001 0.58125 0.1906250000000001 0.58125 0.2078125000000001 0.5953125 0.2078125000000001