2 0.2093750000000001 0.3890625 0.19531250000000006 0.3890625 0.19531250000000006 0.4625 0.2093750000000001 0.4625
2 0.18437500000000004 0.3390625 0.17500000000000004 0.3390625 0.17500000000000004 0.3875 0.18437500000000004 0.3875
2 0.22343750000000004 0.3125 0.2140625 0.3125 0.21406250000000004 0.3703125 0.2234375000000001 0.3703125
2 0.3578125 0.2703125 0.3515625 0.2703125 0.3515625 0.325 0.3578125 0.325
2 0.3703125 0.25312500000000004 0.3609375 0.253125 0.3609375 0.30156250000000007 0.3703125 0.30156250000000007
2 0.4140625 0.2296875000000001 0.4078125 0.2296875000000001 0.4078125 0.2640625000000001 0.4140625 0.2640625000000001
2 0.4265625 0.2015625000000001 0.421875 0.2015625000000001 0.421875 0.2328125000000001 0.4265625 0.2328125000000001
1 0.4421875 0.2078125000000001 0.4265625 0.2078125000000001 0.4265625 0.24218750000000008 0.4421875 0.24218750000000008
1 0.3984375 0.25468750000000007 0.378125 0.25468750000000007 0.378125 0.2953125000000001 0.3984375 0.2953125000000001
3 0.35625000000000007 0.346875 0.309375 0.346875 0.30937500000000007 0.4078125 0.35625000000000007 0.4078125
3 0.978125 0.6078125000000002 0.884375 0.6078125000000002 0.884375 0.7703125000000002 0.978125 0.7703125000000002
0 0.6984375 0.4046875 0.5953125 0.4046875 0.5953125 0.7078125 0.6984375 0.7078125
0 0.86875 0.3703125000000001 0.778125 0.3703125000000001 0.778125 0.6500000000000001 0.86875 0.6500000000000001
0 0.7984375 0.3000000000000001 0.7328125 0.3000000000000001 0.7328125 0.44843750000000016 0.7984375 0.44843750000000016
0 0.9265625 0.31718750000000007 0.8140625 0.31718750000000007 0.8140625 0.4734375000000002 0.9265625 0.4734375000000002
1 0.975 0.46406250000000016 0.9 0.46406250000000016 0.9 0.5609375000000002 0.975 0.5609375000000002
1 1 0.5281250000000002 0.9609375 0.5281250000000002 0.9609375 0.6546875000000002 1 0.6546875000000002
1 1 0.6890625000000001 0.946875 0.6890625000000001 0.946875 0.8734375 1 0.8734375
1 0.815625 0.2953125000000001 0.7734375 0.2953125000000001 0.7734375 0.36406250000000007 0.815625 0.36406250000000007
1 0.73125 0.3046875000000001 0.70625 0.3046875000000001 0.70625 0.3687500000000001 0.73125 0.3687500000000001
1 0.7125 0.23593750000000008 0.6625 0.23593750000000008 0.6625 0.27031250000000007 0.7125 0.27031250000000007
1 0.6984375 0.1843750000000001 0.6609375 0.1843750000000001 0.6609375 0.2062500000000001 0.6984375 0.2062500000000001
1 0.6421875 0.18125000000000008 0.60625 0.18125000000000008 0.60625 0.2000000000000001 0.6421875 0.2000000000000001
2 0.4703125 0.19218750000000004 0.465625 0.19218750000000004 0.465625 0.2250000000000001 0.4703125 0.2250000000000001
3 0.490625 0.19375000000000003 0.471875 0.19375000000000003 0.471875 0.2218750000000001 0.490625 0.2218750000000001
2 0.90625 0.29375000000000007 0.896875 0.29375000000000007 0.896875 0.3359375000000001 0.90625 0.3359375000000001
2 0.921875 0.2718750000000001 0.9109375 0.2718750000000001 0.9109375 0.3218750000000001 0.921875 0.3218750000000001
2 0.846875 0.2640625000000001 0.840625 0.2640625000000001 0.840625 0.3046875000000001 0.846875 0.3046875000000001
2 0.8671875 0.2718750000000001 0.8609375 0.2718750000000001 0.8609375 0.3078125000000001 0.8671875 0.3078125000000001