0 0.7421875000000001 0.45781250000000007 0.6265625 0.4578125 0.6265625000000001 0.8234375 0.7421875000000002 0.8234375
0 0.996875 0.8375 0.7765625000000002 0.8375 0.7765625000000002 1 0.996875 1
0 1 0.48437500000000017 0.9828125 0.48437500000000017 0.9828125 0.6750000000000002 1 0.6750000000000002
0 0.8 0.2828125000000001 0.7375 0.2828125000000001 0.7375 0.44062500000000016 0.8 0.44062500000000016
0 0.7109375 0.2390625000000001 0.671875 0.2390625000000001 0.671875 0.3390625000000001 0.7109375 0.3390625000000001
0 0.81875 0.2531250000000001 0.7515625 0.2531250000000001 0.7515625 0.37187500000000007 0.81875 0.37187500000000007
0 0.64375 0.22031250000000008 0.60625 0.22031250000000008 0.60625 0.31718750000000007 0.64375 0.31718750000000007
3 0.34843750000000007 0.359375 0.30625 0.359375 0.30625 0.4203125 0.34843750000000007 0.4203125
0 0.4828125 0.18593750000000003 0.4578125 0.18593750000000003 0.4578125 0.2312500000000001 0.4828125 0.2312500000000001
3 0.528125 0.18906250000000005 0.5140625 0.18906250000000005 0.5140625 0.2000000000000001 0.528125 0.2000000000000001
3 0.6140625 0.2171875000000001 0.5796875 0.2171875000000001 0.5796875 0.2484375000000001 0.6140625 0.2484375000000001
3 0.871875 0.48437500000000017 0.8109375 0.48437500000000017 0.8109375 0.5859375000000002 0.871875 0.5859375000000002
1 1 0.6765625000000002 0.9203125 0.6765625000000002 0.9203125 0.8453125 1 0.8453125
1 0.940625 0.5562500000000001 0.85625 0.5562500000000001 0.85625 0.6796875000000002 0.940625 0.6796875000000002
1 0.984375 0.4812500000000002 0.9125 0.4812500000000002 0.9125 0.5953125000000001 0.984375 0.5953125000000001
1 0.9265625 0.4281250000000002 0.8625 0.4281250000000002 0.8625 0.5250000000000001 0.9265625 0.5250000000000001
1 0.8828125 0.38750000000000007 0.8296875 0.38750000000000007 0.8296875 0.46406250000000016 0.8828125 0.46406250000000016
1 0.7375 0.31718750000000007 0.7046875 0.31718750000000007 0.7046875 0.36406250000000007 0.7375 0.36406250000000007
1 0.740625 0.2406250000000001 0.7125 0.2406250000000001 0.7125 0.30156250000000007 0.740625 0.30156250000000007
2 0.95625 0.3125000000000001 0.9484375 0.3125000000000001 0.9484375 0.3593750000000001 0.95625 0.3593750000000001
2 0.9625 0.3125000000000001 0.9546875 0.3125000000000001 0.9546875 0.3671875000000001 0.9625 0.3671875000000001
2 0.2015625000000001 0.4015625 0.19062500000000004 0.4015625 0.19062500000000004 0.4734375 0.2015625000000001 0.4734375
2 0.13437500000000005 0.38125 0.12343750000000005 0.38125 0.12343750000000005 0.453125 0.13437500000000005 0.453125
2 0.18593750000000003 0.3453125 0.17812500000000003 0.3453125 0.17812500000000003 0.39375 0.18593750000000003 0.39375
2 0.21406250000000004 0.328125 0.203125 0.328125 0.20312500000000006 0.3859375 0.2140625000000001 0.3859375
2 0.35625 0.278125 0.35 0.278125 0.35 0.325 0.35625 0.325
2 0.3671875 0.26250000000000007 0.3609375 0.2625 0.3609375 0.30625 0.3671875 0.3062500000000001
2 0.4203125 0.2078125000000001 0.4140625 0.2078125000000001 0.4140625 0.2453125000000001 0.4203125 0.2453125000000001
2 0.4265625 0.21093750000000008 0.421875 0.21093750000000008 0.421875 0.2390625000000001 0.4265625 0.2390625000000001
2 0.446875 0.2078125000000001 0.4421875 0.2078125000000001 0.4421875 0.2375000000000001 0.446875 0.2375000000000001
1 0.4203125 0.30156250000000007 0.36875 0.30156250000000007 0.36875 0.3421875000000001 0.4203125 0.3421875000000001
1 0.396875 0.26250000000000007 0.375 0.26250000000000007 0.375 0.3000000000000001 0.396875 0.3000000000000001
1 0.4484375 0.2687500000000001 0.4296875 0.2687500000000001 0.4296875 0.3125000000000001 0.4484375 0.3125000000000001
1 0.5390625 0.21250000000000008 0.521875 0.21250000000000008 0.521875 0.2406250000000001 0.5390625 0.2406250000000001
1 0.5578125 0.19062500000000007 0.540625 0.19062500000000004 0.540625 0.21875000000000008 0.5578125 0.21875000000000008
1 0.5859375 0.18906250000000008 0.571875 0.18906250000000008 0.571875 0.2078125000000001 0.5859375 0.2078125000000001
1 0.56875 0.1906250000000001 0.55625 0.1906250000000001 0.55625 0.20312500000000008 0.56875 0.20312500000000008
1 0.671875 0.24218750000000008 0.66875 0.24218750000000008 0.66875 0.28593750000000007 0.671875 0.28593750000000007
2 0.07031250000000006 0.41875 0.059375000000000046 0.41875 0.05937500000000005 0.4828125 0.07031250000000007 0.4828125
2 0.2921875 0.2734375 0.28125 0.2734375 0.28125 0.3015625 0.2921875 0.3015625