1 0.5718750000000001 0.6796875 0.4859375 0.6796875 0.4859375000000001 0.8828125 0.5718750000000001 0.8828125
0 0.84375 0.5296875000000001 0.6796875 0.5296875 0.6796875000000001 1 0.84375 1
0 0.85625 0.3937500000000001 0.7578125 0.3937500000000001 0.7578125 0.6718750000000002 0.85625 0.6718750000000002
0 1 0.4156250000000002 0.925 0.4156250000000002 0.925 0.6843750000000002 1 0.6843750000000002
0 0.7515625 0.2765625000000001 0.696875 0.2765625000000001 0.696875 0.41875000000000007 0.7515625 0.4187500000000002
0 0.7921875 0.24375000000000008 0.721875 0.24375000000000008 0.721875 0.3593750000000001 0.7921875 0.3593750000000001
0 0.7546875 0.2250000000000001 0.7171875 0.2250000000000001 0.7171875 0.28593750000000007 0.7546875 0.28593750000000007
0 0.696875 0.21250000000000008 0.6609375 0.21250000000000008 0.6609375 0.2906250000000001 0.696875 0.2906250000000001
0 0.653125 0.19531250000000008 0.621875 0.19531250000000008 0.621875 0.2500000000000001 0.653125 0.2500000000000001
0 0.4859375 0.2218750000000001 0.4453125 0.2218750000000001 0.4453125 0.3109375000000001 0.4859375 0.3109375000000001
3 0.5578125 0.2296875000000001 0.5375 0.2296875000000001 0.5375 0.2656250000000001 0.5578125 0.2656250000000001
3 0.55625 0.19375000000000006 0.5421875 0.19375000000000003 0.5421875 0.21875000000000008 0.55625 0.21875000000000008
3 0.5671875 0.1984375000000001 0.5515625 0.1984375000000001 0.5515625 0.22656250000000008 0.5671875 0.22656250000000008
3 0.35000000000000003 0.3625 0.303125 0.3625 0.30312500000000003 0.4234375 0.3500000000000001 0.4234375
2 0.2796875000000001 0.3703125 0.27031250000000007 0.3703125 0.27031250000000007 0.43125 0.2796875000000001 0.43125
2 0.2875000000000001 0.365625 0.2796875000000001 0.365625 0.2796875000000001 0.4296875 0.2875000000000001 0.4296875
2 0.35625 0.2796875 0.35 0.2796875 0.35 0.328125 0.35625 0.328125
2 0.36875 0.27031250000000007 0.359375 0.2703125 0.359375 0.31093750000000003 0.36875 0.3109375000000001
2 0.40625 0.26250000000000007 0.3984375 0.26250000000000007 0.3984375 0.3078125000000001 0.40625 0.3078125000000001
2 0.4328125 0.2234375000000001 0.428125 0.2234375000000001 0.428125 0.2515625000000001 0.4328125 0.2515625000000001
2 0.4453125 0.2093750000000001 0.4390625 0.2093750000000001 0.4390625 0.23437500000000008 0.4453125 0.23437500000000008
2 0.40625 0.2296875000000001 0.4015625 0.2296875000000001 0.4015625 0.24218750000000008 0.40625 0.24218750000000008
2 0.41875 0.2171875000000001 0.4140625 0.2171875000000001 0.4140625 0.24375000000000008 0.41875 0.24375000000000008
2 0.425 0.21250000000000008 0.4203125 0.21250000000000008 0.4203125 0.2406250000000001 0.425 0.2406250000000001
2 0.4125 0.19843750000000004 0.40625 0.19843750000000004 0.40625 0.2250000000000001 0.4125 0.2250000000000001
2 0.19687500000000005 0.4 0.18437500000000004 0.4 0.18437500000000004 0.4734375 0.19687500000000005 0.4734375
2 0.15781250000000005 0.3703125 0.14375000000000004 0.3703125 0.14375000000000004 0.39375 0.15781250000000005 0.39375
2 0.16562500000000005 0.3546875 0.15468750000000003 0.3546875 0.15468750000000003 0.3921875 0.16562500000000005 0.3921875
2 0.05312500000000007 0.509375 0.03906250000000007 0.509375 0.03906250000000007 0.5640625 0.05312500000000007 0.5640625
2 0.890625 0.3859375000000001 0.8765625 0.3859375000000001 0.8765625 0.42500000000000016 0.890625 0.42500000000000016
2 0.9203125 0.37968750000000007 0.9078125 0.37968750000000007 0.9078125 0.4234375000000002 0.9203125 0.4234375000000002
2 0.9203125 0.2890625000000001 0.9125 0.2890625000000001 0.9125 0.3375000000000001 0.9203125 0.3375000000000001
2 0.9984375 0.34843750000000007 0.990625 0.34843750000000007 0.990625 0.3765625000000001 0.9984375 0.3765625000000001
1 0.9296875 0.43750000000000017 0.875 0.43750000000000017 0.875 0.5453125000000002 0.9296875 0.5453125000000002
1 0.8828125 0.3812500000000001 0.8328125 0.3812500000000001 0.8328125 0.4578125000000002 0.8828125 0.4578125000000002
3 0.8421875 0.3656250000000001 0.8 0.3656250000000001 0.8 0.40937500000000016 0.8421875 0.40937500000000016
1 0.8328125 0.3390625000000001 0.7875 0.3390625000000001 0.7875 0.39531250000000007 0.8328125 0.39531250000000007
1 1 0.6453125000000002 0.9015625 0.6453125000000002 0.9015625 0.8 1 0.8
1 1 0.7218750000000002 0.9671875 0.7218750000000002 0.9671875 0.9171875 1 0.9171875
1 0.6234375 0.3421875000000001 0.571875 0.3421875000000001 0.571875 0.4046875 0.6234375 0.4046875
1 0.70625 0.2671875000000001 0.678125 0.2671875000000001 0.678125 0.3062500000000001 0.70625 0.3062500000000001
1 0.69375 0.2015625000000001 0.6765625 0.2015625000000001 0.6765625 0.2234375000000001 0.69375 0.2234375000000001
1 0.6125 0.2250000000000001 0.59375 0.2250000000000001 0.59375 0.25468750000000007 0.6125 0.25468750000000007
1 0.5359375 0.3000000000000001 0.50625 0.3000000000000001 0.50625 0.3453125000000001 0.5359375 0.3453125000000001
1 0.39375 0.30781250000000004 0.359375 0.3078125 0.359375 0.353125 0.39375 0.3531250000000001
1 0.396875 0.2640625000000001 0.3765625 0.2640625000000001 0.3765625 0.3062500000000001 0.396875 0.3062500000000001
1 0.540625 0.2406250000000001 0.515625 0.2406250000000001 0.515625 0.2812500000000001 0.540625 0.2812500000000001
1 0.5953125 0.24375000000000008 0.5734375 0.24375000000000008 0.5734375 0.2796875000000001 0.5953125 0.2796875000000001
1 0.5921875 0.2156250000000001 0.575 0.2156250000000001 0.575 0.24218750000000008 0.5921875 0.24218750000000008
1 0.5859375 0.1937500000000001 0.56875 0.1937500000000001 0.56875 0.2156250000000001 0.5859375 0.2156250000000001
1 0.6171875 0.19687500000000008 0.6015625 0.19687500000000008 0.6015625 0.22031250000000008 0.6171875 0.22031250000000008
1 0.6625 0.2062500000000001 0.653125 0.2062500000000001 0.653125 0.23437500000000008 0.6625 0.23437500000000008
1 0.6234375 0.19531250000000008 0.615625 0.19531250000000008 0.615625 0.2093750000000001 0.6234375 0.2093750000000001
1 0.5421875 0.2250000000000001 0.53125 0.2250000000000001 0.53125 0.2406250000000001 0.5421875 0.2406250000000001
1 0.5453125 0.2140625000000001 0.5296875 0.2140625000000001 0.5296875 0.22812500000000008 0.5453125 0.22812500000000008
1 0.5265625 0.19531250000000006 0.509375 0.19531250000000006 0.509375 0.2171875000000001 0.5265625 0.2171875000000001