0 0.803125 0.5171875000000001 0.6234375 0.5171875 0.6234375000000001 0.9765625 0.803125 0.9765625
0 0.8171875 0.2906250000000001 0.7421875 0.2906250000000001 0.7421875 0.4734375000000002 0.8171875 0.4734375000000002
0 0.64375 0.2250000000000001 0.603125 0.2250000000000001 0.603125 0.3265625000000001 0.64375 0.3265625000000001
0 0.7171875 0.24375000000000008 0.6765625 0.24375000000000008 0.6765625 0.3453125000000001 0.7171875 0.3453125000000001
0 0.828125 0.2593750000000001 0.7578125 0.2593750000000001 0.7578125 0.3703125000000001 0.828125 0.3703125000000001
0 0.4828125 0.18281250000000004 0.4578125 0.18281250000000004 0.4578125 0.22031250000000008 0.4828125 0.22031250000000008
3 0.878125 0.5046875000000002 0.81875 0.5046875000000002 0.81875 0.6062500000000002 0.878125 0.6062500000000002
3 0.35000000000000003 0.353125 0.30625 0.353125 0.30625 0.415625 0.3500000000000001 0.415625
3 0.5859375 0.2140625000000001 0.5359375 0.2140625000000001 0.5359375 0.24375000000000008 0.5859375 0.24375000000000008
2 0.921875 0.3750000000000001 0.9078125 0.3750000000000001 0.9078125 0.4125000000000002 0.921875 0.4125000000000002
2 0.953125 0.2953125000000001 0.9453125 0.2953125000000001 0.9453125 0.3531250000000001 0.953125 0.3531250000000001
2 0.959375 0.3062500000000001 0.95 0.3062500000000001 0.95 0.3593750000000001 0.959375 0.3593750000000001
2 0.05937500000000005 0.41875 0.04375000000000005 0.41875 0.04375000000000006 0.5 0.05937500000000007 0.5
2 0.13906250000000003 0.375 0.12968750000000004 0.375 0.12968750000000004 0.4390625 0.13906250000000003 0.4390625
2 0.2078125000000001 0.396875 0.19375000000000003 0.396875 0.19375000000000003 0.471875 0.2078125000000001 0.471875
2 0.21562500000000004 0.3234375 0.20625 0.3234375 0.20625000000000004 0.3703125 0.2156250000000001 0.3703125
2 0.16093750000000004 0.340625 0.15312500000000004 0.340625 0.15312500000000004 0.384375 0.16093750000000004 0.384375
2 0.16718750000000004 0.340625 0.15781250000000005 0.340625 0.15781250000000005 0.3890625 0.16718750000000004 0.3890625
2 0.3578125 0.2734375 0.3515625 0.2734375 0.3515625 0.321875 0.3578125 0.321875
2 0.36875 0.259375 0.3609375 0.259375 0.3609375 0.30781250000000004 0.36875 0.3078125000000001
2 0.4015625 0.2484375000000001 0.3953125 0.2484375000000001 0.3953125 0.2796875000000001 0.4015625 0.2796875000000001
2 0.4203125 0.20468750000000008 0.415625 0.20468750000000008 0.415625 0.2390625000000001 0.4203125 0.2390625000000001
2 0.446875 0.2093750000000001 0.4421875 0.2093750000000001 0.4421875 0.2390625000000001 0.446875 0.2390625000000001
2 0.4265625 0.20468750000000008 0.4203125 0.20468750000000008 0.4203125 0.2375000000000001 0.4265625 0.2375000000000001
1 0.43125 0.3000000000000001 0.375 0.3000000000000001 0.375 0.3359375000000001 0.43125 0.3359375000000001
1 0.44375 0.2531250000000001 0.4265625 0.2531250000000001 0.4265625 0.2921875000000001 0.44375 0.2921875000000001
1 0.396875 0.2578125000000001 0.378125 0.2578125000000001 0.378125 0.2953125000000001 0.396875 0.2953125000000001
1 0.540625 0.2015625000000001 0.525 0.2015625000000001 0.525 0.2250000000000001 0.540625 0.2250000000000001
1 0.565625 0.1843750000000001 0.5484375 0.1843750000000001 0.5484375 0.21093750000000008 0.565625 0.21093750000000008
1 0.5484375 0.18593750000000006 0.5421875 0.18593750000000003 0.5421875 0.20312500000000008 0.5484375 0.20312500000000008
1 0.5859375 0.1859375000000001 0.571875 0.1859375000000001 0.571875 0.2000000000000001 0.5859375 0.2000000000000001
1 0.7421875 0.32500000000000007 0.7140625 0.32500000000000007 0.7140625 0.3734375000000001 0.7421875 0.3734375000000001
1 0.75 0.24218750000000008 0.71875 0.24218750000000008 0.71875 0.30937500000000007 0.75 0.30937500000000007
1 0.6765625 0.24375000000000008 0.66875 0.24375000000000008 0.66875 0.2875000000000001 0.6765625 0.2875000000000001
1 0.89375 0.39531250000000007 0.840625 0.39531250000000007 0.840625 0.47187500000000016 0.89375 0.47187500000000016
1 0.9328125 0.4281250000000002 0.865625 0.4281250000000002 0.865625 0.5265625000000002 0.9328125 0.5265625000000002
1 0.996875 0.4890625000000002 0.9265625 0.4890625000000002 0.9265625 0.6078125000000002 0.996875 0.6078125000000002
1 0.946875 0.5609375000000002 0.8625 0.5609375000000002 0.8625 0.6921875000000002 0.946875 0.6921875000000002
1 1 0.7234375000000002 0.946875 0.7234375000000002 0.946875 0.9078125 1 0.9078125
2 0.20312500000000006 0.3328125 0.19218750000000004 0.3328125 0.19218750000000004 0.3734375 0.20312500000000008 0.3734375
2 0.29375 0.2671875 0.284375 0.2671875 0.284375 0.303125 0.29375 0.303125