0 0.709375 0.2750000000000001 0.640625 0.2750000000000001 0.640625 0.4171875 0.709375 0.4171875
0 0.7796875 0.2765625000000001 0.7078125 0.2765625000000001 0.7078125 0.4125000000000001 0.7796875 0.4125000000000002
0 0.9953125 0.35625000000000007 0.8546875 0.35625000000000007 0.8546875 0.5609375000000002 0.9953125 0.5609375000000002
0 0.740625 0.23593750000000008 0.684375 0.23593750000000008 0.684375 0.3375000000000001 0.740625 0.3375000000000001
0 0.7109375 0.2093750000000001 0.6703125 0.2093750000000001 0.6703125 0.2984375000000001 0.7109375 0.2984375000000001
1 0.640625 0.2062500000000001 0.621875 0.2062500000000001 0.621875 0.24218750000000008 0.640625 0.24218750000000008
0 0.671875 0.1906250000000001 0.6453125 0.1906250000000001 0.6453125 0.2390625000000001 0.671875 0.2390625000000001
0 0.7234375 0.18906250000000008 0.68125 0.18906250000000008 0.68125 0.2828125000000001 0.7234375 0.2828125000000001
3 0.571875 0.45 0.5140625 0.45 0.5140625 0.5625 0.571875 0.5625
3 0.81875 0.6875000000000001 0.7171875 0.6875 0.7171875000000001 0.86875 0.81875 0.86875
3 0.975 0.6421875000000001 0.871875 0.6421875000000001 0.871875 0.8046875 0.975 0.8046875
3 0.515625 0.3656250000000001 0.4703125 0.3656250000000001 0.4703125 0.43125 0.515625 0.43125
3 0.55625 0.3265625000000001 0.5203125 0.3265625000000001 0.5203125 0.3890625000000001 0.55625 0.3890625000000001
3 0.58125 0.2984375000000001 0.553125 0.2984375000000001 0.553125 0.34843750000000007 0.58125 0.34843750000000007
3 0.440625 0.3453125000000001 0.3984375 0.3453125000000001 0.39843750000000006 0.40625 0.440625 0.40625
3 0.34843750000000007 0.359375 0.303125 0.359375 0.30312500000000003 0.428125 0.34843750000000007 0.428125
3 0.4859375 0.2453125000000001 0.4609375 0.2453125000000001 0.4609375 0.28593750000000007 0.4859375 0.28593750000000007
1 0.3859375000000001 0.8140625 0.27031250000000007 0.8140625 0.27031250000000007 0.9828125 0.3859375000000001 0.9828125
1 0.02812500000000005 0.384375 4.7072361342226394e-17 0.384375 5.185613790139574e-17 0.4625 0.028125000000000056 0.4625
2 0.11406250000000004 0.4265625 0.09843750000000004 0.4265625 0.09843750000000005 0.51875 0.11406250000000004 0.51875
2 0.17500000000000004 0.440625 0.15625000000000006 0.440625 0.15625000000000006 0.53125 0.17500000000000004 0.53125
2 0.18281250000000004 0.3890625 0.16718750000000004 0.3890625 0.16718750000000004 0.4671875 0.18281250000000004 0.4671875
2 0.16406250000000006 0.3484375 0.14687500000000003 0.3484375 0.14687500000000003 0.40625 0.16406250000000006 0.40625
2 0.18593750000000003 0.3546875 0.17500000000000004 0.3546875 0.17500000000000004 0.4 0.18593750000000003 0.4
2 0.22343750000000004 0.3265625 0.215625 0.3265625 0.21562500000000004 0.375 0.2234375000000001 0.375
2 0.3578125 0.296875 0.346875 0.296875 0.346875 0.3515625 0.3578125 0.3515625
1 0.3921875 0.2609375000000001 0.3734375 0.2609375000000001 0.3734375 0.3031250000000001 0.3921875 0.3031250000000001
1 0.4203125 0.2765625000000001 0.3890625 0.2765625000000001 0.3890625 0.31718750000000007 0.4203125 0.31718750000000007
2 0.4328125 0.22031250000000008 0.421875 0.22031250000000008 0.421875 0.2578125000000001 0.4328125 0.2578125000000001
2 0.4453125 0.2078125000000001 0.4390625 0.2078125000000001 0.4390625 0.2406250000000001 0.4453125 0.2406250000000001
2 0.9046875 0.2968750000000001 0.896875 0.2968750000000001 0.896875 0.3375000000000001 0.9046875 0.3375000000000001
2 0.915625 0.2906250000000001 0.909375 0.2906250000000001 0.909375 0.3453125000000001 0.915625 0.3453125000000001
2 0.9546875 0.3515625000000001 0.9421875 0.3515625000000001 0.9421875 0.3890625000000001 0.9546875 0.3890625000000001
1 0.4531250000000001 0.60625 0.3703125000000001 0.60625 0.3703125000000001 0.7296875 0.45312500000000017 0.7296875
1 0.5718750000000001 0.6234375 0.484375 0.6234375 0.4843750000000001 0.7765625 0.5718750000000001 0.7765625
1 0.6968750000000001 0.7546875 0.5984375000000002 0.7546875 0.5984375000000002 0.9203125 0.6968750000000001 0.9203125
1 0.8953125 0.90625 0.7703125000000002 0.90625 0.7703125000000002 1 0.8953125 1
1 1 0.7687500000000002 0.9828125 0.7687500000000002 0.9828125 0.8921875 1 0.8921875
1 1 0.5156250000000002 0.9546875 0.5156250000000002 0.9546875 0.6703125000000002 1 0.6703125000000002
1 0.915625 0.4968750000000002 0.81875 0.4968750000000002 0.81875 0.6375000000000002 0.915625 0.6375000000000002
1 0.7765625 0.5562500000000001 0.7015625 0.55625 0.7015625 0.675 0.7765625 0.6750000000000002
1 0.6609375 0.571875 0.5890625 0.571875 0.5890625 0.6859375 0.6609375 0.6859375
1 0.65 0.4640625 0.5984375 0.4640625 0.5984375 0.55 0.65 0.55
1 0.771875 0.49687500000000007 0.709375 0.496875 0.709375 0.6015625000000001 0.771875 0.6015625000000002
1 0.7296875 0.4484375000000001 0.675 0.4484375 0.675 0.5281250000000001 0.7296875 0.5281250000000002
1 0.7296875 0.36406250000000007 0.671875 0.36406250000000007 0.671875 0.47343750000000007 0.7296875 0.4734375000000002
1 0.784375 0.3765625000000001 0.7421875 0.3765625000000001 0.7421875 0.4468750000000002 0.784375 0.4468750000000002
1 0.7953125 0.40937500000000016 0.7609375 0.40937500000000016 0.7609375 0.49218750000000017 0.7953125 0.49218750000000017
1 0.8125 0.3906250000000001 0.7828125 0.3906250000000001 0.7828125 0.4500000000000002 0.8125 0.4500000000000002
1 0.84375 0.43750000000000017 0.79375 0.43750000000000017 0.79375 0.5468750000000002 0.84375 0.5468750000000002
1 0.825 0.32500000000000007 0.7859375 0.32500000000000007 0.7859375 0.39531250000000007 0.825 0.39531250000000007
1 0.8546875 0.3687500000000001 0.821875 0.3687500000000001 0.821875 0.4515625000000002 0.8546875 0.4515625000000002
1 0.4625 0.45 0.409375 0.45 0.409375 0.525 0.4625 0.525
1 0.6125 0.4171875 0.5625 0.4171875 0.5625 0.4875 0.6125 0.4875
1 0.615625 0.3656250000000001 0.5671875 0.3656250000000001 0.5671875 0.428125 0.615625 0.428125
1 0.609375 0.3359375000000001 0.5734375 0.3359375000000001 0.5734375 0.3765625000000001 0.609375 0.3765625000000001
1 0.6265625 0.3000000000000001 0.5984375 0.3000000000000001 0.5984375 0.3453125000000001 0.6265625 0.3453125000000001
1 0.50625 0.3109375000000001 0.4671875 0.3109375000000001 0.4671875 0.3750000000000001 0.50625 0.3750000000000001
1 0.5359375 0.2875000000000001 0.50625 0.2875000000000001 0.50625 0.3343750000000001 0.5359375 0.3343750000000001
1 0.534375 0.2640625000000001 0.509375 0.2640625000000001 0.509375 0.2921875000000001 0.534375 0.2921875000000001
1 0.49375 0.2234375000000001 0.478125 0.2234375000000001 0.478125 0.26250000000000007 0.49375 0.26250000000000007
1 0.5328125 0.2453125000000001 0.50625 0.2453125000000001 0.50625 0.2750000000000001 0.5328125 0.2750000000000001
1 0.5375 0.2296875000000001 0.5171875 0.2296875000000001 0.5171875 0.2609375000000001 0.5375 0.2609375000000001
1 0.5796875 0.2375000000000001 0.559375 0.2375000000000001 0.559375 0.2734375000000001 0.5796875 0.2734375000000001
1 0.621875 0.2765625000000001 0.596875 0.2765625000000001 0.596875 0.3125000000000001 0.621875 0.3125000000000001
1 0.6234375 0.23593750000000008 0.596875 0.23593750000000008 0.596875 0.2968750000000001 0.6234375 0.2968750000000001
1 0.584375 0.2093750000000001 0.565625 0.2093750000000001 0.565625 0.24375000000000008 0.584375 0.24375000000000008
1 0.615625 0.21875000000000008 0.5984375 0.21875000000000008 0.5984375 0.2390625000000001 0.615625 0.2390625000000001
1 0.546875 0.20468750000000008 0.5265625 0.20468750000000008 0.5265625 0.2312500000000001 0.546875 0.2312500000000001
1 0.6703125 0.23593750000000008 0.659375 0.23593750000000008 0.659375 0.2671875000000001 0.6703125 0.2671875000000001
2 0.057812500000000065 0.5171875 0.042187500000000065 0.5171875 0.04218750000000007 0.5921875 0.057812500000000065 0.5921875
2 0.365625 0.26562500000000006 0.3578125 0.265625 0.3578125 0.31250000000000006 0.365625 0.3125000000000001
2 0.35625 0.2796875 0.3484375 0.2796875 0.3484375 0.315625 0.35625 0.315625
2 0.4046875 0.22656250000000008 0.3984375 0.22656250000000008 0.3984375 0.24375000000000008 0.4046875 0.24375000000000008
2 0.41875 0.2078125000000001 0.4125 0.2078125000000001 0.4125 0.2453125000000001 0.41875 0.2453125000000001
2 0.4234375 0.21093750000000008 0.41875 0.21093750000000008 0.41875 0.2406250000000001 0.4234375 0.2406250000000001
2 0.4265625 0.21093750000000008 0.421875 0.21093750000000008 0.421875 0.2406250000000001 0.4265625 0.2406250000000001