0 0.9171875 0.47968750000000016 0.7671875 0.47968750000000016 0.7671875000000001 0.925 0.9171875 0.925
0 0.8953125 0.8859375 0.6718750000000002 0.8859375 0.6718750000000002 1 0.8953125 1
0 1 0.4468750000000002 0.95 0.4468750000000002 0.95 0.6953125000000002 1 0.6953125000000002
0 0.7453125 0.3125000000000001 0.665625 0.3125000000000001 0.665625 0.4937500000000001 0.7453125 0.4937500000000002
0 0.78125 0.2515625000000001 0.7359375 0.2515625000000001 0.7359375 0.3765625000000001 0.78125 0.3765625000000001
0 0.78125 0.2390625000000001 0.728125 0.2390625000000001 0.728125 0.3234375000000001 0.78125 0.3234375000000001
0 0.703125 0.22031250000000008 0.66875 0.22031250000000008 0.66875 0.3046875000000001 0.703125 0.3046875000000001
0 0.65 0.1921875000000001 0.615625 0.1921875000000001 0.615625 0.2718750000000001 0.65 0.2718750000000001
0 0.4890625 0.19375000000000003 0.45625 0.19375000000000003 0.45625 0.2640625000000001 0.4890625 0.2640625000000001
3 0.5578125 0.2093750000000001 0.540625 0.2093750000000001 0.540625 0.2390625000000001 0.5578125 0.2390625000000001
3 0.3468750000000001 0.3640625 0.3046875000000001 0.3640625 0.3046875000000001 0.4203125 0.3468750000000001 0.4203125
1 1 0.6515625000000002 0.915625 0.6515625000000002 0.915625 0.8015625 1 0.8015625
1 1 0.7265625000000002 0.9703125 0.7265625000000002 0.9703125 0.9234375 1 0.9234375
1 0.95 0.4625000000000002 0.8953125 0.4625000000000002 0.8953125 0.5796875000000001 0.95 0.5796875000000001
1 0.90625 0.4000000000000002 0.84375 0.4000000000000002 0.84375 0.4859375000000002 0.90625 0.4859375000000002
3 0.8375 0.3812500000000001 0.790625 0.3812500000000001 0.790625 0.4500000000000002 0.8375 0.4500000000000002
1 0.8375 0.3421875000000001 0.79375 0.3421875000000001 0.79375 0.4031250000000002 0.8375 0.4031250000000002
1 0.7171875 0.2812500000000001 0.684375 0.2812500000000001 0.684375 0.3234375000000001 0.7171875 0.3234375000000001
1 0.7140625 0.2171875000000001 0.690625 0.2171875000000001 0.690625 0.2687500000000001 0.7140625 0.2687500000000001
1 0.6765625 0.2171875000000001 0.65625 0.2171875000000001 0.65625 0.2453125000000001 0.6765625 0.2453125000000001
1 0.6703125 0.22812500000000008 0.6625 0.22812500000000008 0.6625 0.2656250000000001 0.6703125 0.2656250000000001
1 0.684375 0.1921875000000001 0.65 0.1921875000000001 0.65 0.2156250000000001 0.684375 0.2156250000000001
1 0.6109375 0.2000000000000001 0.5953125 0.2000000000000001 0.5953125 0.22656250000000008 0.6109375 0.22656250000000008
1 0.5890625 0.2140625000000001 0.5703125 0.2140625000000001 0.5703125 0.24218750000000008 0.5890625 0.24218750000000008
1 0.5859375 0.19531250000000008 0.5703125 0.19531250000000008 0.5703125 0.2140625000000001 0.5859375 0.2140625000000001
1 0.6125 0.1921875000000001 0.6 0.1921875000000001 0.6 0.2062500000000001 0.6125 0.2062500000000001
1 0.5484375 0.2171875000000001 0.528125 0.2171875000000001 0.528125 0.2531250000000001 0.5484375 0.2531250000000001
1 0.5265625 0.25468750000000007 0.503125 0.25468750000000007 0.503125 0.2890625000000001 0.5265625 0.2890625000000001
1 0.5515625 0.2015625000000001 0.5390625 0.2015625000000001 0.5390625 0.2093750000000001 0.5515625 0.2093750000000001
1 0.5484375 0.19375000000000006 0.5359375 0.19375000000000003 0.5359375 0.21250000000000008 0.5484375 0.21250000000000008
1 0.5328125 0.19062500000000004 0.5203125 0.19062500000000004 0.5203125 0.2062500000000001 0.5328125 0.2062500000000001
1 0.396875 0.2640625000000001 0.378125 0.2640625000000001 0.378125 0.30156250000000007 0.396875 0.30156250000000007
1 0.3953125 0.30937500000000007 0.35625 0.309375 0.35625 0.35156250000000006 0.3953125 0.3515625000000001
1 0.43125 0.3359375000000001 0.3984375 0.3359375000000001 0.39843750000000006 0.3968750000000001 0.43125 0.3968750000000001
2 0.20312500000000008 0.4 0.18906250000000005 0.4 0.18906250000000005 0.4734375 0.20312500000000008 0.4734375
2 0.10625000000000004 0.4015625 0.09062500000000004 0.4015625 0.09062500000000005 0.478125 0.10625000000000004 0.478125
2 0.11406250000000004 0.38125 0.10156250000000004 0.38125 0.10156250000000004 0.453125 0.11406250000000004 0.453125
2 0.056250000000000064 0.509375 0.04531250000000007 0.509375 0.04531250000000007 0.559375 0.056250000000000064 0.559375
2 0.25468750000000007 0.3609375 0.240625 0.3609375 0.24062500000000003 0.4234375 0.25468750000000007 0.4234375
2 0.19218750000000004 0.346875 0.18125000000000005 0.346875 0.18125000000000005 0.3984375 0.19218750000000004 0.3984375
2 0.35625 0.275 0.35 0.275 0.35 0.3234375 0.35625 0.3234375
2 0.2953125 0.2859375 0.2875 0.2859375 0.2875 0.334375 0.2953125 0.334375
2 0.36875 0.26875000000000004 0.3609375 0.26875 0.3609375 0.30781250000000004 0.36875 0.3078125000000001
2 0.40625 0.2593750000000001 0.4 0.2593750000000001 0.4 0.3000000000000001 0.40625 0.3000000000000001
2 0.4328125 0.2234375000000001 0.4265625 0.2234375000000001 0.4265625 0.2578125000000001 0.4328125 0.2578125000000001
2 0.4453125 0.2062500000000001 0.440625 0.2062500000000001 0.440625 0.2390625000000001 0.4453125 0.2390625000000001
2 0.4203125 0.20468750000000008 0.4140625 0.20468750000000008 0.4140625 0.2406250000000001 0.4203125 0.2406250000000001
2 0.425 0.21093750000000008 0.4203125 0.21093750000000008 0.4203125 0.2406250000000001 0.425 0.2406250000000001
2 0.40625 0.22656250000000008 0.4 0.22656250000000008 0.4 0.2406250000000001 0.40625 0.2406250000000001
2 0.85 0.2718750000000001 0.8421875 0.2718750000000001 0.8421875 0.30937500000000007 0.85 0.30937500000000007
2 0.8515625 0.3046875000000001 0.84375 0.3046875000000001 0.84375 0.3500000000000001 0.8515625 0.3500000000000001
2 0.9015625 0.3156250000000001 0.8953125 0.3156250000000001 0.8953125 0.3687500000000001 0.9015625 0.3687500000000001
2 0.921875 0.3781250000000001 0.9046875 0.3781250000000001 0.9046875 0.41718750000000016 0.921875 0.41718750000000016
2 0.95 0.31718750000000007 0.940625 0.31718750000000007 0.940625 0.3750000000000001 0.95 0.3750000000000001
2 0.971875 0.3187500000000001 0.9609375 0.3187500000000001 0.9609375 0.3765625000000001 0.971875 0.3765625000000001
2 0.9375 0.42968750000000017 0.9234375 0.42968750000000017 0.9234375 0.45625000000000016 0.9375 0.45625000000000016