3 0.86875 0.94375 0.7484375000000002 0.94375 0.7484375000000002 1 0.86875 1
3 0.534375 0.6453125 0.446875 0.6453125 0.4468750000000001 0.8234375 0.5343750000000002 0.8234375
3 0.7796875000000001 0.596875 0.6953125 0.596875 0.6953125000000001 0.7421875000000001 0.7796875000000002 0.7421875000000002
3 0.453125 0.32500000000000007 0.409375 0.32500000000000007 0.409375 0.3843750000000001 0.453125 0.3843750000000001
3 0.840625 0.44843750000000016 0.78125 0.44843750000000016 0.78125 0.5468750000000002 0.840625 0.5468750000000002
3 0.80625 0.40625000000000017 0.7578125 0.40625000000000017 0.7578125 0.48437500000000017 0.80625 0.48437500000000017
1 0.6484375 0.4546875 0.5828125 0.4546875 0.5828125 0.603125 0.6484375 0.603125
1 0.628125 0.3812500000000001 0.5859375 0.3812500000000001 0.5859375 0.446875 0.628125 0.446875
3 0.6375 0.425 0.5921875 0.425 0.5921875 0.4515625 0.6375 0.4515625
3 0.5265625 0.2875000000000001 0.4984375 0.2875000000000001 0.4984375 0.3312500000000001 0.5265625 0.3312500000000001
3 0.496875 0.2562500000000001 0.471875 0.2562500000000001 0.471875 0.2906250000000001 0.496875 0.2906250000000001
3 0.5234375 0.22656250000000008 0.503125 0.22656250000000008 0.503125 0.2578125000000001 0.5234375 0.2578125000000001
3 0.5140625 0.2093750000000001 0.4984375 0.2093750000000001 0.4984375 0.2375000000000001 0.5140625 0.2375000000000001
3 0.5390625 0.20468750000000008 0.525 0.20468750000000008 0.525 0.2312500000000001 0.5390625 0.2312500000000001
3 1 0.5250000000000001 0.9421875 0.5250000000000001 0.9421875 0.6421875000000001 1 0.6421875000000001
2 0.10937500000000007 0.5046875 0.09375000000000007 0.5046875 0.09375000000000007 0.615625 0.10937500000000008 0.615625
2 0.012500000000000058 0.4546875 0.0015625000000000556 0.4546875 0.001562500000000059 0.5078125 0.012500000000000061 0.5078125
1 0.13750000000000004 0.4546875 0.03437500000000006 0.4546875 0.03437500000000006 0.5359375 0.13750000000000004 0.5359375
2 0.11562500000000005 0.3984375 0.10312500000000005 0.3984375 0.10312500000000005 0.459375 0.11562500000000005 0.459375
2 0.08281250000000005 0.4171875 0.07031250000000004 0.4171875 0.07031250000000006 0.45625 0.08281250000000007 0.45625
2 0.12031250000000004 0.3796875 0.11093750000000005 0.3796875 0.11093750000000005 0.4375 0.12031250000000004 0.4375
2 0.13437500000000005 0.3890625 0.12343750000000005 0.3890625 0.12343750000000005 0.4578125 0.13437500000000005 0.4578125
2 0.16406250000000006 0.3890625 0.15156250000000004 0.3890625 0.15156250000000004 0.4640625 0.16406250000000006 0.4640625
2 0.16406250000000006 0.3515625 0.15625000000000006 0.3515625 0.15625000000000006 0.3984375 0.16406250000000006 0.3984375
2 0.18906250000000005 0.3546875 0.17968750000000006 0.3546875 0.17968750000000006 0.396875 0.18906250000000005 0.396875
2 0.20000000000000004 0.3515625 0.18906250000000005 0.3515625 0.18906250000000005 0.4 0.2000000000000001 0.4
2 0.25468750000000007 0.3765625 0.24375000000000008 0.3765625 0.24375000000000008 0.4421875 0.25468750000000007 0.4421875
2 0.3546875 0.278125 0.346875 0.278125 0.346875 0.328125 0.3546875 0.328125
2 0.365625 0.2671875 0.3578125 0.2671875 0.3578125 0.31250000000000006 0.365625 0.3125000000000001
2 0.4046875 0.22812500000000008 0.4 0.22812500000000008 0.4 0.24375000000000008 0.4046875 0.24375000000000008
2 0.4171875 0.22031250000000008 0.4125 0.22031250000000008 0.4125 0.2484375000000001 0.4171875 0.2484375000000001
2 0.421875 0.2093750000000001 0.4171875 0.2093750000000001 0.4171875 0.24375000000000008 0.421875 0.24375000000000008
2 0.425 0.2140625000000001 0.4203125 0.2140625000000001 0.4203125 0.23593750000000008 0.425 0.23593750000000008
2 0.434375 0.2171875000000001 0.428125 0.2171875000000001 0.428125 0.2562500000000001 0.434375 0.2562500000000001
2 0.44375 0.21093750000000008 0.4375 0.21093750000000008 0.4375 0.2406250000000001 0.44375 0.2406250000000001
2 0.4484375 0.18906250000000005 0.4421875 0.18906250000000005 0.4421875 0.2156250000000001 0.4484375 0.2156250000000001
2 0.946875 0.3734375000000001 0.9359375 0.3734375000000001 0.9359375 0.44531250000000017 0.946875 0.44531250000000017
2 0.96875 0.3671875000000001 0.9578125 0.3671875000000001 0.9578125 0.4312500000000002 0.96875 0.4312500000000002
2 0.9453125 0.34062500000000007 0.934375 0.34062500000000007 0.934375 0.3859375000000001 0.9453125 0.3859375000000001
2 0.94375 0.2968750000000001 0.9328125 0.2968750000000001 0.9328125 0.3500000000000001 0.94375 0.3500000000000001
2 0.9203125 0.2906250000000001 0.9125 0.2906250000000001 0.9125 0.3453125000000001 0.9203125 0.3453125000000001
2 0.8484375 0.2562500000000001 0.840625 0.2562500000000001 0.840625 0.29375000000000007 0.8484375 0.29375000000000007
1 0.7109375000000002 0.909375 0.5984375000000002 0.909375 0.5984375000000002 1 0.7109375000000002 1
1 0.1796875000000001 0.8515625 0.0031250000000001043 0.8515625 0.003125000000000113 1 0.17968750000000014 1
1 0.2500000000000001 0.6703125 0.16406250000000008 0.6703125 0.16406250000000008 0.8265625 0.2500000000000001 0.8265625
1 0.2593750000000001 0.5078125 0.19843750000000004 0.5078125 0.19843750000000007 0.61875 0.2593750000000001 0.61875
1 0.415625 0.540625 0.3234375000000001 0.540625 0.3234375000000001 0.6625 0.415625 0.6625
1 0.5046875 0.55 0.4484375 0.55 0.4484375 0.6515625 0.5046875 0.6515625
1 0.2468750000000001 0.459375 0.17500000000000004 0.459375 0.17500000000000004 0.54375 0.2468750000000001 0.54375
1 0.4484375 0.4640625 0.3968750000000001 0.4640625 0.3968750000000001 0.5484375 0.4484375 0.5484375
1 0.559375 0.446875 0.509375 0.446875 0.509375 0.5328125 0.559375 0.5328125
1 0.7609375 0.5375000000000001 0.69375 0.5375 0.69375 0.6343750000000001 0.7609375 0.6343750000000001
1 0.846875 0.7140625000000002 0.73125 0.7140625000000002 0.7312500000000001 0.89375 0.846875 0.89375
1 1 0.6156250000000002 0.9 0.6156250000000002 0.9 0.7640625000000002 1 0.7640625000000002
1 1 0.7187500000000002 0.9640625 0.7187500000000002 0.9640625 0.853125 1 0.853125
1 0.940625 0.5343750000000002 0.8609375 0.5343750000000002 0.8609375 0.6593750000000002 0.940625 0.6593750000000002
1 0.8796875 0.49531250000000016 0.81875 0.49531250000000016 0.81875 0.5906250000000002 0.8796875 0.5906250000000002
1 0.89375 0.39531250000000007 0.8296875 0.39531250000000007 0.8296875 0.4906250000000002 0.89375 0.4906250000000002
1 0.7625 0.4828125000000001 0.7046875 0.4828125 0.7046875 0.5734375 0.7625 0.5734375000000002
1 0.753125 0.4078125000000001 0.69375 0.4078125 0.69375 0.5171875000000001 0.753125 0.5171875000000001
1 0.7078125 0.3984375000000001 0.659375 0.3984375000000001 0.659375 0.46875 0.7078125 0.46875
1 0.70625 0.3375000000000001 0.659375 0.3375000000000001 0.659375 0.4171875 0.70625 0.4171875
1 0.7453125 0.3390625000000001 0.715625 0.3390625000000001 0.715625 0.4140625000000001 0.7453125 0.41406250000000017
1 0.784375 0.3625000000000001 0.740625 0.3625000000000001 0.740625 0.4312500000000002 0.784375 0.4312500000000002
0 0.8140625 0.2515625000000001 0.7484375 0.2515625000000001 0.7484375 0.3625000000000001 0.8140625 0.3625000000000001
1 0.7765625 0.3375000000000001 0.746875 0.3375000000000001 0.746875 0.3703125000000001 0.7765625 0.3703125000000001
1 0.8328125 0.3312500000000001 0.790625 0.3312500000000001 0.790625 0.4046875000000002 0.8328125 0.4046875000000002
1 0.5765625 0.3375000000000001 0.5375 0.3375000000000001 0.5375 0.4046875 0.5765625 0.4046875
1 0.5140625 0.35625000000000007 0.478125 0.35625000000000007 0.478125 0.409375 0.5140625 0.409375
1 0.41875 0.3656250000000001 0.3750000000000001 0.3656250000000001 0.3750000000000001 0.4265625 0.41875 0.4265625
1 0.528125 0.3203125000000001 0.496875 0.3203125000000001 0.496875 0.37187500000000007 0.528125 0.37187500000000007
1 0.6015625 0.2968750000000001 0.571875 0.2968750000000001 0.571875 0.3468750000000001 0.6015625 0.3468750000000001
1 0.6203125 0.3265625000000001 0.5890625 0.3265625000000001 0.5890625 0.3765625000000001 0.6203125 0.3765625000000001
1 0.5953125 0.2656250000000001 0.5640625 0.2656250000000001 0.5640625 0.3125000000000001 0.5953125 0.3125000000000001
1 0.6046875 0.2515625000000001 0.58125 0.2515625000000001 0.58125 0.2953125000000001 0.6046875 0.2953125000000001
1 0.5734375 0.2453125000000001 0.5484375 0.2453125000000001 0.5484375 0.2843750000000001 0.5734375 0.2843750000000001
1 0.546875 0.2406250000000001 0.525 0.2406250000000001 0.525 0.2718750000000001 0.546875 0.2718750000000001
1 0.528125 0.2750000000000001 0.5 0.2750000000000001 0.5 0.3031250000000001 0.528125 0.3031250000000001
1 0.553125 0.2140625000000001 0.534375 0.2140625000000001 0.534375 0.24218750000000008 0.553125 0.24218750000000008
1 0.5828125 0.20312500000000008 0.565625 0.20312500000000008 0.565625 0.2328125000000001 0.5828125 0.2328125000000001
3 0.61875 0.2062500000000001 0.6 0.2062500000000001 0.6 0.2390625000000001 0.61875 0.2390625000000001
1 0.6578125 0.20312500000000008 0.6421875 0.20312500000000008 0.6421875 0.2312500000000001 0.6578125 0.2312500000000001
1 0.65 0.1937500000000001 0.6390625 0.1937500000000001 0.6390625 0.2171875000000001 0.65 0.2171875000000001
0 0.7078125 0.2171875000000001 0.6671875 0.2171875000000001 0.6671875 0.3140625000000001 0.7078125 0.3140625000000001
0 0.6953125 0.1984375000000001 0.659375 0.1984375000000001 0.659375 0.2828125000000001 0.6953125 0.2828125000000001
0 0.6859375 0.2562500000000001 0.63125 0.2562500000000001 0.63125 0.3812500000000001 0.6859375 0.3812500000000001
0 0.75 0.2515625000000001 0.6953125 0.2515625000000001 0.6953125 0.3828125000000001 0.75 0.3828125000000001
1 0.6953125 0.2812500000000001 0.6875 0.2812500000000001 0.6875 0.3218750000000001 0.6953125 0.3218750000000001
1 0.4296875 0.2671875000000001 0.4 0.2671875000000001 0.4 0.3062500000000001 0.4296875 0.3062500000000001
1 0.3953125 0.2656250000000001 0.3734375 0.2656250000000001 0.3734375 0.3062500000000001 0.3953125 0.3062500000000001
1 0.521875 0.19375000000000003 0.50625 0.19375000000000003 0.50625 0.2218750000000001 0.521875 0.2218750000000001
1 0.5359375 0.19218750000000004 0.5203125 0.19218750000000004 0.5203125 0.21093750000000008 0.5359375 0.21093750000000008
1 0.55625 0.19062500000000007 0.540625 0.19062500000000004 0.540625 0.2078125000000001 0.55625 0.2078125000000001
1 0.5734375 0.18906250000000008 0.5578125 0.18906250000000008 0.5578125 0.21093750000000008 0.5734375 0.21093750000000008
1 0.6937500000000001 0.653125 0.60625 0.653125 0.6062500000000001 0.8296875 0.6937500000000002 0.8296875