0 0.5453125000000001 0.6546875 0.3390625000000001 0.6546875 0.3390625000000001 1 0.5453125000000002 1
0 1 0.3734375000000001 0.8703125 0.3734375000000001 0.8703125 0.5953125000000001 1 0.5953125000000001
0 0.7895058740750738 0.403084047171906 0.7724830851253701 0.2669017100400849 0.7023976165159027 0.2756623919736399 0.7194204054656064 0.41184472910546094
0 0.7150250641065551 0.42194349506209183 0.7077888507883032 0.2778624772789049 0.6362338481189582 0.281456200249981 0.6434700614372101 0.42553721803316796
0 0.7390625 0.2406250000000001 0.6875 0.2406250000000001 0.6875 0.3343750000000001 0.7390625 0.3343750000000001
0 0.71875 0.2171875000000001 0.671875 0.2171875000000001 0.671875 0.30156250000000007 0.71875 0.30156250000000007
0 0.7265625 0.19687500000000008 0.684375 0.19687500000000008 0.684375 0.2406250000000001 0.7265625 0.2406250000000001
0 0.6703125 0.1906250000000001 0.6453125 0.1906250000000001 0.6453125 0.2484375000000001 0.6703125 0.2484375000000001
3 1 0.6937500000000002 0.9015625 0.6937500000000002 0.9015625 0.8890625 1 0.8890625
3 0.8703125 0.8515625 0.7468750000000002 0.8515625 0.7468750000000002 1 0.8703125 1
3 0.56875 0.403125 0.5234375 0.403125 0.5234375 0.496875 0.56875 0.496875
3 0.528125 0.31718750000000007 0.49375 0.31718750000000007 0.49375 0.3703125000000001 0.528125 0.3703125000000001
3 0.5546875 0.2968750000000001 0.525 0.2968750000000001 0.525 0.3375000000000001 0.5546875 0.3375000000000001
3 0.5828125 0.2718750000000001 0.5546875 0.2718750000000001 0.5546875 0.3156250000000001 0.5828125 0.3156250000000001
3 0.34687500000000004 0.3609375 0.303125 0.3609375 0.30312500000000003 0.421875 0.3468750000000001 0.421875
3 0.4953125 0.2312500000000001 0.4734375 0.2312500000000001 0.4734375 0.26250000000000007 0.4953125 0.26250000000000007
1 0.6687500000000001 0.659375 0.578125 0.659375 0.5781250000000001 0.8015625 0.6687500000000002 0.8015625
1 0.5734375 0.5484375 0.5046875 0.5484375 0.5046875 0.68125 0.5734375 0.68125
1 0.4578125 0.546875 0.3906250000000001 0.546875 0.3906250000000001 0.640625 0.4578125 0.640625
2 0.19062500000000004 0.428125 0.17656250000000004 0.428125 0.17656250000000004 0.509375 0.19062500000000004 0.509375
2 0.12500000000000006 0.4203125 0.11250000000000004 0.4203125 0.11250000000000004 0.4953125 0.12500000000000006 0.4953125
2 0.042187500000000065 0.515625 0.03593750000000007 0.515625 0.03593750000000007 0.559375 0.042187500000000065 0.559375
2 0.17031250000000003 0.353125 0.16093750000000004 0.353125 0.16093750000000004 0.390625 0.17031250000000003 0.390625
2 0.18125000000000005 0.3671875 0.17343750000000005 0.3671875 0.17343750000000005 0.39375 0.18125000000000005 0.39375
2 0.19531250000000006 0.3515625 0.18437500000000004 0.3515625 0.18437500000000004 0.39375 0.19531250000000006 0.39375
2 0.3546875 0.2984375 0.34375 0.2984375 0.34375 0.34375 0.3546875 0.34375
2 0.35625 0.2796875 0.35 0.2796875 0.35 0.3078125 0.35625 0.3078125
2 0.365625 0.26562500000000006 0.359375 0.265625 0.359375 0.30937500000000007 0.365625 0.30937500000000007
2 0.43125 0.22656250000000008 0.4234375 0.22656250000000008 0.4234375 0.2562500000000001 0.43125 0.2562500000000001
2 0.4453125 0.21093750000000008 0.440625 0.21093750000000008 0.440625 0.24218750000000008 0.4453125 0.24218750000000008
2 0.4203125 0.2093750000000001 0.4140625 0.2093750000000001 0.4140625 0.2453125000000001 0.4203125 0.2453125000000001
2 0.425 0.21093750000000008 0.4203125 0.21093750000000008 0.4203125 0.24218750000000008 0.425 0.24218750000000008
2 0.8984375 0.31718750000000007 0.8875 0.31718750000000007 0.8875 0.3656250000000001 0.8984375 0.3656250000000001
2 0.9171875 0.3046875000000001 0.909375 0.3046875000000001 0.909375 0.3578125000000001 0.9171875 0.3578125000000001
2 0.9703125 0.3703125000000001 0.9625 0.3703125000000001 0.9625 0.40625000000000017 0.9703125 0.40625000000000017
2 0.940625 0.3531250000000001 0.93125 0.3531250000000001 0.93125 0.37968750000000007 0.940625 0.37968750000000007
1 0.815625 0.6250000000000002 0.728125 0.6250000000000002 0.7281250000000001 0.7875000000000002 0.815625 0.7875000000000002
1 0.6484375 0.509375 0.5859375 0.509375 0.5859375 0.609375 0.6484375 0.609375
1 0.784375 0.5296875000000001 0.7203125 0.5296875 0.7203125 0.6421875000000001 0.784375 0.6421875000000001
1 0.965625 0.5437500000000002 0.859375 0.5437500000000002 0.859375 0.6984375000000002 0.965625 0.6984375000000002
1 1 0.5406250000000001 0.975 0.5406250000000001 0.975 0.6859375000000002 1 0.6859375000000002
1 0.8765625 0.4703125000000002 0.8109375 0.4703125000000002 0.8109375 0.5859375000000002 0.8765625 0.5859375000000002
1 0.8125 0.4312500000000002 0.7703125 0.4312500000000002 0.7703125 0.5296875000000002 0.8125 0.5296875000000002
1 0.734375 0.4671875000000001 0.6765625 0.4671875 0.6765625 0.5531250000000001 0.734375 0.5531250000000002
1 0.734375 0.3750000000000001 0.678125 0.3750000000000001 0.678125 0.4921875000000001 0.734375 0.49218750000000017
1 0.6453125 0.4265625 0.6 0.4265625 0.6 0.4984375 0.6453125 0.4984375
1 0.4875 0.440625 0.4390625 0.440625 0.4390625 0.5140625 0.4875 0.5140625
1 0.4734375 0.3453125000000001 0.4375 0.3453125000000001 0.4375 0.4 0.4734375 0.4
1 0.6015625 0.37968750000000007 0.5625 0.37968750000000007 0.5625 0.440625 0.6015625 0.440625
1 0.6015625 0.33281250000000007 0.5640625 0.33281250000000007 0.5640625 0.3921875000000001 0.6015625 0.3921875000000001
1 0.6015625 0.31718750000000007 0.5703125 0.31718750000000007 0.5703125 0.3515625000000001 0.6015625 0.3515625000000001
1 0.6328125 0.2828125000000001 0.6046875 0.2828125000000001 0.6046875 0.3234375000000001 0.6328125 0.3234375000000001
1 0.4125 0.2843750000000001 0.3828125 0.2843750000000001 0.3828125 0.3218750000000001 0.4125 0.3218750000000001
3 0.471875 0.2812500000000001 0.440625 0.2812500000000001 0.440625 0.3281250000000001 0.471875 0.3281250000000001
1 0.5203125 0.2765625000000001 0.4890625 0.2765625000000001 0.4890625 0.32500000000000007 0.5203125 0.32500000000000007
1 0.5421875 0.2609375000000001 0.51875 0.2609375000000001 0.51875 0.2968750000000001 0.5421875 0.2968750000000001
1 0.546875 0.24218750000000008 0.5234375 0.24218750000000008 0.5234375 0.2750000000000001 0.546875 0.2750000000000001
1 0.540625 0.2234375000000001 0.515625 0.2234375000000001 0.515625 0.2578125000000001 0.540625 0.2578125000000001
1 0.5828125 0.2156250000000001 0.5625 0.2156250000000001 0.5625 0.2453125000000001 0.5828125 0.2453125000000001
1 0.5515625 0.19375000000000006 0.5328125 0.19375000000000003 0.5328125 0.21875000000000008 0.5515625 0.21875000000000008
1 0.5 0.21250000000000008 0.4859375 0.21250000000000008 0.4859375 0.24218750000000008 0.5 0.24218750000000008
1 0.5890625 0.19531250000000008 0.5703125 0.19531250000000008 0.5703125 0.2234375000000001 0.5890625 0.2234375000000001
1 0.621875 0.22812500000000008 0.5953125 0.22812500000000008 0.5953125 0.2734375000000001 0.621875 0.2734375000000001
1 0.6171875 0.2140625000000001 0.5984375 0.2140625000000001 0.5984375 0.2250000000000001 0.6171875 0.2250000000000001
1 0.6140625 0.2062500000000001 0.6 0.2062500000000001 0.6 0.2171875000000001 0.6140625 0.2171875000000001
1 0.621875 0.2640625000000001 0.6 0.2640625000000001 0.6 0.2968750000000001 0.621875 0.2968750000000001
1 0.6390625 0.2171875000000001 0.625 0.2171875000000001 0.625 0.2468750000000001 0.6390625 0.2468750000000001
1 0.6703125 0.24375000000000008 0.6625 0.24375000000000008 0.6625 0.2718750000000001 0.6703125 0.2718750000000001
1 0.646875 0.19687500000000008 0.640625 0.19687500000000008 0.640625 0.22031250000000008 0.646875 0.22031250000000008
1 0.7859375 0.3906250000000001 0.740625 0.3906250000000001 0.740625 0.4593750000000002 0.7859375 0.4593750000000002
1 0.821875 0.4125000000000002 0.7890625 0.4125000000000002 0.7890625 0.4812500000000002 0.821875 0.4812500000000002
1 0.8671875 0.3890625000000001 0.83125 0.3890625000000001 0.83125 0.4734375000000002 0.8671875 0.4734375000000002
1 0.84375 0.34843750000000007 0.796875 0.34843750000000007 0.796875 0.4203125000000002 0.84375 0.4203125000000002
3 0.8078125 0.3296875000000001 0.7796875 0.3296875000000001 0.7796875 0.3812500000000001 0.8078125 0.3812500000000001