1 0.43437500000000007 0.6515625 0.34062500000000007 0.6515625 0.34062500000000007 0.7796875 0.4343750000000002 0.7796875
0 0.5578125000000002 0.7625 0.3312500000000001 0.7625 0.3312500000000001 1 0.5578125000000002 1
0 0.7109375 0.2828125000000001 0.6421875 0.2828125000000001 0.6421875 0.4234375 0.7109375 0.4234375
0 0.7796875 0.2734375000000001 0.7078125 0.2734375000000001 0.7078125 0.41093750000000007 0.7796875 0.4109375000000002
0 1 0.35625000000000007 0.85625 0.35625000000000007 0.85625 0.5734375000000002 1 0.5734375000000002
0 0.740625 0.2328125000000001 0.6828125 0.2328125000000001 0.6828125 0.34062500000000007 0.740625 0.34062500000000007
0 0.7109375 0.21875000000000008 0.671875 0.21875000000000008 0.671875 0.3046875000000001 0.7109375 0.3046875000000001
0 0.671875 0.1921875000000001 0.6484375 0.1921875000000001 0.6484375 0.2453125000000001 0.671875 0.2453125000000001
0 0.7265625 0.1921875000000001 0.678125 0.1921875000000001 0.678125 0.2671875000000001 0.7265625 0.2671875000000001
3 0.571875 0.4296875 0.51875 0.4296875 0.51875 0.5328125 0.571875 0.5328125
3 0.84375 0.7593750000000001 0.7312500000000002 0.7593750000000001 0.7312500000000002 0.9625 0.84375 0.9625
3 0.9984375 0.6687500000000002 0.8859375 0.6687500000000002 0.8859375 0.8453125 0.9984375 0.8453125
3 0.5234375 0.3343750000000001 0.484375 0.3343750000000001 0.484375 0.4 0.5234375 0.4
3 0.5546875 0.3078125000000001 0.521875 0.3078125000000001 0.521875 0.3625000000000001 0.5546875 0.3625000000000001
3 0.5828125 0.2828125000000001 0.55625 0.2828125000000001 0.55625 0.3281250000000001 0.5828125 0.3281250000000001
3 0.35000000000000003 0.359375 0.303125 0.359375 0.30312500000000003 0.425 0.3500000000000001 0.425
3 0.4921875 0.23593750000000008 0.4671875 0.23593750000000008 0.4671875 0.2765625000000001 0.4921875 0.2765625000000001
2 0.18281250000000004 0.4359375 0.16718750000000004 0.4359375 0.16718750000000004 0.521875 0.18281250000000004 0.521875
2 0.12187500000000004 0.43125 0.10781250000000005 0.43125 0.10781250000000005 0.509375 0.12187500000000004 0.509375
2 0.05468750000000007 0.521875 0.042187500000000065 0.521875 0.042187500000000065 0.5828125 0.05468750000000007 0.5828125
2 0.18906250000000005 0.3953125 0.17656250000000004 0.3953125 0.17656250000000004 0.46875 0.18906250000000005 0.46875
2 0.16562500000000005 0.35 0.15468750000000003 0.35 0.15468750000000003 0.39375 0.16562500000000005 0.39375
2 0.17656250000000004 0.375 0.16875000000000004 0.375 0.16875000000000004 0.3953125 0.17656250000000004 0.3953125
2 0.19375000000000003 0.3515625 0.17968750000000006 0.3515625 0.17968750000000006 0.4015625 0.19375000000000003 0.4015625
2 0.35625 0.296875 0.3453125 0.296875 0.3453125 0.3453125 0.35625 0.3453125
1 0.41875 0.2812500000000001 0.3875 0.2812500000000001 0.3875 0.3218750000000001 0.41875 0.3218750000000001
2 0.43125 0.2234375000000001 0.421875 0.2234375000000001 0.421875 0.2593750000000001 0.43125 0.2593750000000001
2 0.44375 0.21093750000000008 0.4390625 0.21093750000000008 0.4390625 0.2453125000000001 0.44375 0.2453125000000001
2 0.365625 0.26562500000000006 0.35625 0.265625 0.35625 0.31093750000000003 0.365625 0.3109375000000001
2 0.8984375 0.2984375000000001 0.8890625 0.2984375000000001 0.8890625 0.3531250000000001 0.8984375 0.3531250000000001
2 0.915625 0.30156250000000007 0.90625 0.30156250000000007 0.90625 0.3546875000000001 0.915625 0.3546875000000001
2 0.9484375 0.3546875000000001 0.9390625 0.3546875000000001 0.9390625 0.38750000000000007 0.9484375 0.38750000000000007
2 0.9765625 0.3765625000000001 0.965625 0.3765625000000001 0.965625 0.4078125000000002 0.9765625 0.4078125000000002
1 0.5765625000000001 0.5796875 0.496875 0.5796875 0.49687500000000007 0.728125 0.5765625000000002 0.728125
1 0.6875000000000001 0.696875 0.5921875 0.696875 0.5921875000000001 0.8609375 0.6875000000000002 0.8609375
1 0.790625 0.5781250000000001 0.7109375 0.578125 0.7109375 0.7234375000000001 0.790625 0.7234375000000002
1 0.9390625 0.5234375000000002 0.840625 0.5234375000000002 0.840625 0.6765625000000002 0.9390625 0.6765625000000002
1 1 0.5328125000000001 0.9671875 0.5328125000000001 0.9671875 0.6875000000000002 1 0.6875000000000002
1 0.8609375 0.4515625000000002 0.8015625 0.4515625000000002 0.8015625 0.5640625000000001 0.8609375 0.5640625000000001
1 0.7796875 0.5015625000000001 0.7125 0.5015625 0.7125 0.6125 0.7796875 0.6125000000000002
1 0.65625 0.5328125 0.584375 0.5328125 0.584375 0.64375 0.65625 0.64375
1 0.471875 0.5015625 0.4109375 0.5015625 0.4109375 0.6 0.471875 0.6
1 0.4703125 0.3921875000000001 0.4234375 0.3921875000000001 0.4234375 0.4578125 0.4703125 0.4578125
1 0.4625 0.30937500000000007 0.425 0.30937500000000007 0.425 0.3625000000000001 0.4625 0.3625000000000001
1 0.3921875 0.2687500000000001 0.3734375 0.2687500000000001 0.3734375 0.3046875000000001 0.3921875 0.3046875000000001
1 0.5171875 0.2921875000000001 0.475 0.2921875000000001 0.475 0.35625000000000007 0.5171875 0.35625000000000007
1 0.603125 0.3984375000000001 0.5625 0.3984375000000001 0.5625 0.4625 0.603125 0.4625
1 0.603125 0.34843750000000007 0.56875 0.34843750000000007 0.56875 0.409375 0.603125 0.409375
1 0.65 0.4421875 0.596875 0.4421875 0.596875 0.5234375 0.65 0.5234375
1 0.7296875 0.4562500000000001 0.6734375 0.45625 0.6734375 0.5437500000000001 0.7296875 0.5437500000000002
1 0.73125 0.3703125000000001 0.678125 0.3703125000000001 0.678125 0.4781250000000001 0.73125 0.4781250000000002
1 0.784375 0.3906250000000001 0.7375 0.3906250000000001 0.7375 0.44843750000000016 0.784375 0.44843750000000016
1 0.7984375 0.42187500000000017 0.76875 0.42187500000000017 0.76875 0.5171875000000001 0.7984375 0.5171875000000001
1 0.8140625 0.3937500000000001 0.784375 0.3937500000000001 0.784375 0.4656250000000002 0.8140625 0.4656250000000002
1 0.8375 0.34062500000000007 0.8 0.34062500000000007 0.8 0.40937500000000016 0.8375 0.40937500000000016
1 0.859375 0.3750000000000001 0.8265625 0.3750000000000001 0.8265625 0.45625000000000016 0.859375 0.45625000000000016
1 0.634375 0.28593750000000007 0.6 0.28593750000000007 0.6 0.3359375000000001 0.634375 0.3359375000000001
1 0.625 0.2687500000000001 0.596875 0.2687500000000001 0.596875 0.3078125000000001 0.625 0.3078125000000001
1 0.625 0.22812500000000008 0.59375 0.22812500000000008 0.59375 0.2843750000000001 0.625 0.2843750000000001
1 0.5828125 0.22812500000000008 0.5609375 0.22812500000000008 0.5609375 0.2593750000000001 0.5828125 0.2593750000000001
1 0.5421875 0.2765625000000001 0.5140625 0.2765625000000001 0.5140625 0.3125000000000001 0.5421875 0.3125000000000001
1 0.540625 0.2515625000000001 0.5171875 0.2515625000000001 0.5171875 0.2796875000000001 0.540625 0.2796875000000001
1 0.5390625 0.2328125000000001 0.5140625 0.2328125000000001 0.5140625 0.2640625000000001 0.5390625 0.2640625000000001
1 0.5 0.21875000000000008 0.4828125 0.21875000000000008 0.4828125 0.2500000000000001 0.5 0.2500000000000001
1 0.540625 0.2171875000000001 0.525 0.2171875000000001 0.525 0.2453125000000001 0.540625 0.2453125000000001
1 0.5484375 0.20312500000000008 0.53125 0.20312500000000008 0.53125 0.22812500000000008 0.5484375 0.22812500000000008
1 0.5890625 0.20312500000000008 0.56875 0.20312500000000008 0.56875 0.2312500000000001 0.5890625 0.2312500000000001
1 0.6421875 0.21093750000000008 0.628125 0.21093750000000008 0.628125 0.2468750000000001 0.6421875 0.2468750000000001
1 0.6171875 0.2218750000000001 0.6015625 0.2218750000000001 0.6015625 0.2375000000000001 0.6171875 0.2375000000000001
1 0.615625 0.21093750000000008 0.5984375 0.21093750000000008 0.5984375 0.2296875000000001 0.615625 0.2296875000000001
1 0.6703125 0.2375000000000001 0.6578125 0.2375000000000001 0.6578125 0.2734375000000001 0.6703125 0.2734375000000001
1 0.5703125 0.1937500000000001 0.5546875 0.1937500000000001 0.5546875 0.2078125000000001 0.5703125 0.2078125000000001