2 0.9421875 0.2921875000000001 0.9328125 0.2921875000000001 0.9328125 0.34843750000000007 0.9421875 0.34843750000000007
0 0.8703125 0.27812500000000007 0.7828125 0.27812500000000007 0.7828125 0.4203125000000002 0.8703125 0.4203125000000002
2 0.8484375 0.2578125000000001 0.8390625 0.2578125000000001 0.8390625 0.2921875000000001 0.8484375 0.2921875000000001
2 1 0.3421875000000001 0.990625 0.3421875000000001 0.990625 0.3765625000000001 1 0.3765625000000001
2 0.921875 0.3781250000000001 0.909375 0.3781250000000001 0.909375 0.4125000000000002 0.921875 0.4125000000000002
2 0.2078125000000001 0.396875 0.19375000000000003 0.396875 0.19375000000000003 0.4703125 0.2078125000000001 0.4703125
2 0.16093750000000004 0.3609375 0.14843750000000006 0.3609375 0.14843750000000006 0.390625 0.16093750000000004 0.390625
2 0.20000000000000004 0.3296875 0.19375000000000003 0.3296875 0.19375000000000003 0.3734375 0.2000000000000001 0.3734375
2 0.36875 0.26250000000000007 0.3609375 0.2625 0.3609375 0.30625 0.36875 0.3062500000000001
2 0.3578125 0.275 0.3515625 0.275 0.3515625 0.3203125 0.3578125 0.3203125
2 0.4078125 0.2406250000000001 0.4 0.2406250000000001 0.4 0.2765625000000001 0.4078125 0.2765625000000001
2 0.415625 0.2078125000000001 0.409375 0.2078125000000001 0.409375 0.22656250000000008 0.415625 0.22656250000000008
2 0.421875 0.2218750000000001 0.4171875 0.2218750000000001 0.4171875 0.2562500000000001 0.421875 0.2562500000000001
2 0.425 0.21093750000000008 0.4203125 0.21093750000000008 0.4203125 0.2406250000000001 0.425 0.2406250000000001
0 1 0.8109375 0.7343750000000002 0.8109375 0.7343750000000002 1 1 1
0 0.86875 0.3359375000000001 0.7734375 0.3359375000000001 0.7734375 0.5656250000000002 0.86875 0.5656250000000002
0 0.7578125 0.27031250000000007 0.7 0.27031250000000007 0.7 0.3968750000000001 0.7578125 0.3968750000000001
0 0.6609375 0.2718750000000001 0.6078125 0.2718750000000001 0.6078125 0.4109375 0.6609375 0.4109375
3 0.921875 0.5593750000000002 0.840625 0.5593750000000002 0.840625 0.6750000000000002 0.921875 0.6750000000000002
3 0.5046875 0.20468750000000008 0.48125 0.20468750000000008 0.48125 0.23593750000000008 0.5046875 0.23593750000000008
3 0.35000000000000003 0.3546875 0.30625 0.3546875 0.30625 0.41875 0.3500000000000001 0.41875
1 0.396875 0.25468750000000007 0.3765625 0.25468750000000007 0.3765625 0.2984375000000001 0.396875 0.2984375000000001
1 0.44375 0.22656250000000008 0.428125 0.22656250000000008 0.428125 0.2609375000000001 0.44375 0.2609375000000001
1 0.5375 0.2718750000000001 0.4890625 0.2718750000000001 0.4890625 0.30937500000000007 0.5375 0.30937500000000007
1 0.9890625 0.6062500000000002 0.8890625 0.6062500000000002 0.8890625 0.7546875000000002 0.9890625 0.7546875000000002
1 1 0.5375000000000002 0.9765625 0.5375000000000002 0.9765625 0.6593750000000002 1 0.6593750000000002
1 0.9765625 0.46093750000000017 0.890625 0.46093750000000017 0.890625 0.5734375000000002 0.9765625 0.5734375000000002
1 0.9125 0.40937500000000016 0.86875 0.40937500000000016 0.86875 0.4937500000000002 0.9125 0.4937500000000002
1 0.771875 0.3765625000000001 0.740625 0.3765625000000001 0.740625 0.4437500000000002 0.771875 0.4437500000000002
1 0.771875 0.2687500000000001 0.7421875 0.2687500000000001 0.7421875 0.3375000000000001 0.771875 0.3375000000000001
1 0.7 0.27031250000000007 0.6859375 0.27031250000000007 0.6859375 0.3234375000000001 0.7 0.3234375000000001
1 0.55 0.18593750000000006 0.5359375 0.18593750000000003 0.5359375 0.20468750000000008 0.55 0.20468750000000008
1 0.6984375 0.1921875000000001 0.6640625 0.1921875000000001 0.6640625 0.21093750000000008 0.6984375 0.21093750000000008
0 0.490625 0.18593750000000003 0.465625 0.18593750000000003 0.465625 0.2078125000000001 0.490625 0.2078125000000001
2 0.2984375 0.259375 0.29375 0.259375 0.29375 0.2953125 0.2984375 0.2953125