3 1 0.8078125 0.9125 0.8078125 0.9125 0.9984375 1 0.9984375
3 0.571875 0.3656250000000001 0.53125 0.3656250000000001 0.53125 0.4359375 0.571875 0.4359375
3 0.34687500000000004 0.3609375 0.3046875 0.3609375 0.30468750000000006 0.421875 0.3468750000000001 0.421875
3 0.4875 0.2484375000000001 0.4640625 0.2484375000000001 0.4640625 0.2828125000000001 0.4875 0.2828125000000001
3 0.5359375 0.2828125000000001 0.5078125 0.2828125000000001 0.5078125 0.3281250000000001 0.5359375 0.3281250000000001
3 0.5546875 0.2656250000000001 0.5328125 0.2656250000000001 0.5328125 0.3031250000000001 0.5546875 0.3031250000000001
3 0.584375 0.2468750000000001 0.5625 0.2468750000000001 0.5625 0.2812500000000001 0.584375 0.2812500000000001
3 0.5015625 0.21875000000000008 0.4828125 0.21875000000000008 0.4828125 0.2484375000000001 0.5015625 0.2484375000000001
1 0.8015625 0.4109375000000002 0.7546875 0.4109375000000002 0.7546875 0.47656250000000017 0.8015625 0.47656250000000017
3 0.821875 0.3437500000000001 0.790625 0.3437500000000001 0.790625 0.3984375000000001 0.821875 0.3984375000000001
2 0.796875 0.30156250000000007 0.7890625 0.30156250000000007 0.7890625 0.3281250000000001 0.796875 0.3281250000000001
2 0.9 0.2828125000000001 0.8921875 0.2828125000000001 0.8921875 0.3312500000000001 0.9 0.3312500000000001
2 0.9203125 0.3109375000000001 0.9125 0.3109375000000001 0.9125 0.36406250000000007 0.9203125 0.36406250000000007
2 0.9671875 0.3156250000000001 0.9578125 0.3156250000000001 0.9578125 0.3703125000000001 0.9671875 0.3703125000000001
0 1 0.3750000000000001 0.8796875 0.3750000000000001 0.8796875 0.6015625000000002 1 0.6015625000000002
2 0.9609375 0.3625000000000001 0.9515625 0.3625000000000001 0.9515625 0.3984375000000001 0.9609375 0.3984375000000001
2 0.12812500000000004 0.40625 0.11250000000000004 0.40625 0.11250000000000004 0.484375 0.12812500000000004 0.484375
2 0.17500000000000004 0.39375 0.15937500000000004 0.39375 0.15937500000000004 0.4625 0.17500000000000004 0.4625
2 0.20468750000000008 0.4109375 0.19062500000000004 0.4109375 0.19062500000000004 0.4921875 0.20468750000000008 0.4921875
2 0.18281250000000004 0.34375 0.17343750000000005 0.34375 0.17343750000000005 0.396875 0.18281250000000004 0.396875
2 0.19375000000000003 0.359375 0.18437500000000004 0.359375 0.18437500000000004 0.39375 0.19375000000000003 0.39375
2 0.20625000000000004 0.34375 0.19531250000000006 0.34375 0.19531250000000006 0.3953125 0.2062500000000001 0.3953125
2 0.3609375 0.29375 0.353125 0.29375 0.353125 0.3375 0.3609375 0.3375
2 0.3546875 0.28125 0.3484375 0.28125 0.3484375 0.3 0.3546875 0.3
2 0.365625 0.2671875 0.359375 0.2671875 0.359375 0.30937500000000007 0.365625 0.30937500000000007
2 0.4046875 0.2296875000000001 0.3984375 0.2296875000000001 0.3984375 0.24375000000000008 0.4046875 0.24375000000000008
2 0.4296875 0.2250000000000001 0.425 0.2250000000000001 0.425 0.2578125000000001 0.4296875 0.2578125000000001
2 0.41875 0.2156250000000001 0.4140625 0.2156250000000001 0.4140625 0.2453125000000001 0.41875 0.2453125000000001
2 0.421875 0.21250000000000008 0.41875 0.21250000000000008 0.41875 0.2453125000000001 0.421875 0.2453125000000001
2 0.425 0.2140625000000001 0.421875 0.2140625000000001 0.421875 0.2390625000000001 0.425 0.2390625000000001
2 0.4453125 0.21250000000000008 0.440625 0.21250000000000008 0.440625 0.2406250000000001 0.4453125 0.2406250000000001
0 0.5109375 0.503125 0.3625000000000001 0.503125 0.3625000000000001 0.9578125 0.5109375000000002 0.9578125
0 0.7921875 0.2843750000000001 0.7140625 0.2843750000000001 0.7140625 0.4250000000000001 0.7921875 0.42500000000000016
0 0.7171875 0.29375000000000007 0.6453125 0.29375000000000007 0.6453125 0.4515625 0.7171875 0.4515625
0 0.7390625 0.2453125000000001 0.6875 0.2453125000000001 0.6875 0.33281250000000007 0.7390625 0.33281250000000007
0 0.7359375 0.2250000000000001 0.6703125 0.2250000000000001 0.6703125 0.3031250000000001 0.7359375 0.3031250000000001
0 0.7390625 0.2015625000000001 0.696875 0.2015625000000001 0.696875 0.2531250000000001 0.7390625 0.2531250000000001
0 0.675 0.19687500000000008 0.6484375 0.19687500000000008 0.6484375 0.25468750000000007 0.675 0.25468750000000007
1 0.8453125 0.7515625000000001 0.7500000000000002 0.7515625000000001 0.7500000000000002 0.9671875 0.8453125 0.9671875
1 0.8015625 0.6078125000000002 0.7296875 0.6078125000000002 0.7296875 0.7468750000000002 0.8015625 0.7468750000000002
1 1 0.5984375000000002 0.9015625 0.5984375000000002 0.9015625 0.7796875000000002 1 0.7796875000000002
1 1 0.5421875000000002 0.9765625 0.5421875000000002 0.9765625 0.6500000000000001 1 0.6500000000000001
1 0.9109375 0.5140625000000002 0.834375 0.5140625000000002 0.834375 0.6437500000000002 0.9109375 0.6437500000000002
1 0.640625 0.5859375 0.553125 0.5859375 0.553125 0.7203125 0.640625 0.7203125
1 0.578125 0.48125 0.51875 0.48125 0.51875 0.590625 0.578125 0.590625
1 0.6359375 0.4390625 0.5875 0.4390625 0.5875 0.5234375 0.6359375 0.5234375
1 0.7421875 0.3968750000000001 0.6859375 0.3968750000000001 0.6859375 0.51875 0.7421875 0.5187500000000002
1 0.753125 0.5140625000000001 0.6859375 0.5140625 0.6859375 0.6156250000000001 0.753125 0.6156250000000002
1 0.8203125 0.4734375000000002 0.775 0.4734375000000002 0.775 0.5859375000000002 0.8203125 0.5859375000000002
1 0.8453125 0.44843750000000016 0.8046875 0.44843750000000016 0.8046875 0.5421875000000002 0.8453125 0.5421875000000002
1 0.88125 0.4000000000000002 0.8421875 0.4000000000000002 0.8421875 0.4906250000000002 0.88125 0.4906250000000002
1 0.8546875 0.37187500000000007 0.81875 0.37187500000000007 0.81875 0.4343750000000002 0.8546875 0.4343750000000002
1 0.634375 0.3734375000000001 0.5953125 0.3734375000000001 0.5953125 0.4328125 0.634375 0.4328125
1 0.4921875 0.40625 0.446875 0.40625 0.446875 0.4703125 0.4921875 0.4703125
1 0.4109375 0.2875000000000001 0.3765625 0.2875000000000001 0.3765625 0.3265625000000001 0.4109375 0.3265625000000001
1 0.5109375 0.3468750000000001 0.4765625 0.3468750000000001 0.4765625 0.4015625 0.5109375 0.4015625
1 0.596875 0.34843750000000007 0.565625 0.34843750000000007 0.565625 0.4 0.596875 0.4
1 0.596875 0.3078125000000001 0.565625 0.3078125000000001 0.565625 0.35625000000000007 0.596875 0.35625000000000007
1 0.590625 0.2843750000000001 0.5671875 0.2843750000000001 0.5671875 0.30937500000000007 0.590625 0.30937500000000007
1 0.4828125 0.2828125000000001 0.45625 0.2828125000000001 0.45625 0.32500000000000007 0.4828125 0.32500000000000007
1 0.53125 0.2500000000000001 0.5046875 0.2500000000000001 0.5046875 0.2890625000000001 0.53125 0.2890625000000001
1 0.54375 0.2390625000000001 0.5234375 0.2390625000000001 0.5234375 0.2640625000000001 0.54375 0.2640625000000001
1 0.6328125 0.2640625000000001 0.6109375 0.2640625000000001 0.6109375 0.3031250000000001 0.6328125 0.3031250000000001
1 0.653125 0.23437500000000008 0.6375 0.23437500000000008 0.6375 0.27031250000000007 0.653125 0.27031250000000007
1 0.6703125 0.2453125000000001 0.6640625 0.2453125000000001 0.6640625 0.2796875000000001 0.6703125 0.2796875000000001
1 0.5484375 0.22031250000000008 0.5296875 0.22031250000000008 0.5296875 0.2531250000000001 0.5484375 0.2531250000000001
1 0.5421875 0.2078125000000001 0.5234375 0.2078125000000001 0.5234375 0.2375000000000001 0.5421875 0.2375000000000001
1 0.509375 0.20468750000000008 0.4953125 0.20468750000000008 0.4953125 0.2328125000000001 0.509375 0.2328125000000001
1 0.5453125 0.20468750000000008 0.53125 0.20468750000000008 0.53125 0.2171875000000001 0.5453125 0.2171875000000001
1 0.553125 0.19375000000000006 0.5390625 0.19375000000000003 0.5390625 0.2062500000000001 0.553125 0.2062500000000001
1 0.584375 0.20312500000000008 0.5671875 0.20312500000000008 0.5671875 0.22656250000000008 0.584375 0.22656250000000008
1 0.61875 0.21250000000000008 0.596875 0.21250000000000008 0.596875 0.2578125000000001 0.61875 0.2578125000000001
1 0.621875 0.24375000000000008 0.6015625 0.24375000000000008 0.6015625 0.2765625000000001 0.621875 0.2765625000000001
1 0.65 0.20468750000000008 0.6421875 0.20468750000000008 0.6421875 0.2296875000000001 0.65 0.2296875000000001
1 0.61875 0.20312500000000008 0.6046875 0.20312500000000008 0.6046875 0.22031250000000008 0.61875 0.22031250000000008
1 0.6125 0.19531250000000008 0.6015625 0.19531250000000008 0.6015625 0.2078125000000001 0.6125 0.2078125000000001