1 0.8421875 0.6843750000000001 0.71875 0.684375 0.7187500000000001 0.8859375 0.8421875 0.8859375
3 0.7734375 0.5781250000000001 0.6859375 0.578125 0.6859375 0.7078125000000001 0.7734375 0.7078125000000002
3 0.38750000000000007 0.4546875 0.3218750000000001 0.4546875 0.3218750000000001 0.55 0.38750000000000007 0.55
3 0.4671875 0.2968750000000001 0.425 0.2968750000000001 0.425 0.3625000000000001 0.4671875 0.3625000000000001
1 0.3906250000000001 0.7328125 0.2718750000000001 0.7328125 0.2718750000000001 0.909375 0.3906250000000001 0.909375
1 0.5093750000000001 0.7578125 0.4187500000000002 0.7578125 0.4187500000000002 0.9734375 0.5093750000000001 0.9734375
1 0.6890625000000001 0.6046875 0.56875 0.6046875 0.5687500000000001 0.846875 0.6890625000000001 0.846875
1 0.9890625 0.5765625000000002 0.8703125 0.5765625000000002 0.8703125 0.7390625000000002 0.9890625 0.7390625000000002
0 0.6859375 0.2375000000000001 0.6234375 0.2375000000000001 0.6234375 0.3656250000000001 0.6859375 0.3656250000000001
0 0.7453125 0.22812500000000008 0.6890625 0.22812500000000008 0.6890625 0.36406250000000007 0.7453125 0.36406250000000007
2 0.09218750000000006 0.4203125 0.07500000000000004 0.4203125 0.07500000000000005 0.5 0.09218750000000006 0.5
2 0.11093750000000005 0.3953125 0.09531250000000005 0.3953125 0.09531250000000005 0.4703125 0.11093750000000005 0.4703125
2 0.12812500000000004 0.4015625 0.11093750000000005 0.4015625 0.11093750000000005 0.4734375 0.12812500000000004 0.4734375
2 0.12656250000000005 0.4046875 0.11250000000000004 0.4046875 0.11250000000000004 0.4765625 0.12656250000000005 0.4765625
2 0.11250000000000007 0.503125 0.08906250000000007 0.503125 0.08906250000000007 0.6203125 0.11250000000000009 0.6203125
2 0.057812500000000065 0.50625 0.03593750000000007 0.50625 0.03593750000000007 0.5828125 0.057812500000000065 0.5828125
2 0.2390625000000001 0.3921875 0.21875000000000008 0.3921875 0.21875000000000008 0.4609375 0.2390625000000001 0.4609375
2 0.17968750000000006 0.3640625 0.16562500000000005 0.3640625 0.16562500000000005 0.396875 0.17968750000000006 0.396875
2 0.15156250000000004 0.3875 0.13437500000000005 0.3875 0.13437500000000005 0.4625 0.15156250000000004 0.4625
2 0.9515625 0.3734375000000001 0.93125 0.3734375000000001 0.93125 0.4515625000000002 0.9515625 0.4515625000000002
2 0.9578125 0.3031250000000001 0.9453125 0.3031250000000001 0.9453125 0.3625000000000001 0.9578125 0.3625000000000001
2 0.96875 0.3593750000000001 0.9546875 0.3593750000000001 0.9546875 0.42187500000000017 0.96875 0.42187500000000017
2 0.903125 0.2765625000000001 0.8921875 0.2765625000000001 0.8921875 0.32500000000000007 0.903125 0.32500000000000007
1 0.2552643421929415 0.5147598648377041 0.1820268546273332 0.5119187582167736 0.17804003192418316 0.614690289562052 0.25127751948979143 0.6175313961829825
1 0.37141279964936225 0.5409503185228693 0.3017783712484249 0.5369669930597156 0.2956496447796099 0.6441062083785009 0.3652840731805473 0.6480895338416546
1 0.2013402930247846 0.5506634767084652 0.1579325495081034 0.4600734072210467 0.08719481638206587 0.49396857248430914 0.13060255989874706 0.5845586419717277
1 0.5406250000000001 0.61875 0.4515625 0.61875 0.4515625000000001 0.7703125 0.5406250000000001 0.7703125
1 0.7312500000000002 0.9296875 0.5937500000000002 0.9296875 0.5937500000000002 1 0.7312500000000002 1
1 0.5265625000000002 0.9390625 0.3734375000000001 0.9390625 0.3734375000000001 1 0.5265625000000002 1
1 0.20468750000000008 0.9109375 0.02968750000000011 0.9109375 0.029687500000000117 1 0.20468750000000008 1
1 0.1359375000000001 0.675 0.03593750000000008 0.675 0.035937500000000094 0.8875 0.1359375000000001 0.8875
1 0.5171875 0.471875 0.45625 0.471875 0.45625 0.571875 0.5171875 0.571875
1 0.584375 0.4109375 0.528125 0.4109375 0.528125 0.5 0.584375 0.5
1 0.6421875 0.4703125 0.5796875 0.4703125 0.5796875 0.575 0.6421875 0.575
1 0.7515625 0.5140625000000001 0.6828125 0.5140625 0.6828125 0.6078125000000001 0.7515625 0.6078125000000002
1 1 0.6796875000000002 0.940625 0.6796875000000002 0.940625 0.875 1 0.875
1 0.9171875 0.5015625000000001 0.8375 0.5015625000000001 0.8375 0.6218750000000002 0.9171875 0.6218750000000002
1 0.8625 0.46875000000000017 0.796875 0.46875000000000017 0.796875 0.5625000000000002 0.8625 0.5625000000000002
1 0.85 0.3531250000000001 0.79375 0.3531250000000001 0.79375 0.43281250000000016 0.85 0.43281250000000016
1 0.81875 0.3203125000000001 0.7734375 0.3203125000000001 0.7734375 0.37968750000000007 0.81875 0.37968750000000007
1 0.7796875 0.3500000000000001 0.7359375 0.3500000000000001 0.7359375 0.42968750000000017 0.7796875 0.42968750000000017
1 0.7390625 0.3218750000000001 0.70625 0.3218750000000001 0.70625 0.37187500000000007 0.7390625 0.37187500000000007
1 0.7453125 0.3421875000000001 0.7171875 0.3421875000000001 0.7171875 0.4062500000000001 0.7453125 0.40625000000000017
1 0.7015625 0.3828125000000001 0.653125 0.3828125000000001 0.653125 0.45625 0.7015625 0.45625
1 0.6984375 0.3109375000000001 0.6484375 0.3109375000000001 0.6484375 0.3921875000000001 0.6984375 0.3921875000000001
1 0.746875 0.3921875000000001 0.6875 0.3921875000000001 0.6875 0.48125000000000007 0.746875 0.4812500000000002
1 0.7609375 0.46562500000000007 0.69375 0.465625 0.69375 0.5593750000000001 0.7609375 0.5593750000000002
1 0.628125 0.3750000000000001 0.5828125 0.3750000000000001 0.5828125 0.446875 0.628125 0.446875
1 0.6078125 0.3312500000000001 0.5671875 0.3312500000000001 0.5671875 0.3890625000000001 0.6078125 0.3890625000000001
1 0.571875 0.2812500000000001 0.540625 0.2812500000000001 0.540625 0.3375000000000001 0.571875 0.3375000000000001
1 0.5109375 0.3734375000000001 0.4625 0.3734375000000001 0.4625 0.4546875 0.5109375 0.4546875
1 0.4921875 0.2593750000000001 0.459375 0.2593750000000001 0.459375 0.3031250000000001 0.4921875 0.3031250000000001
1 0.540625 0.2687500000000001 0.50625 0.2687500000000001 0.50625 0.3187500000000001 0.540625 0.3187500000000001
1 0.5484375 0.2375000000000001 0.5203125 0.2375000000000001 0.5203125 0.2750000000000001 0.5484375 0.2750000000000001
1 0.5890625 0.22812500000000008 0.5625 0.22812500000000008 0.5625 0.2640625000000001 0.5890625 0.2640625000000001
1 0.6203125 0.23437500000000008 0.5921875 0.23437500000000008 0.5921875 0.2718750000000001 0.6203125 0.2718750000000001
1 0.6 0.2750000000000001 0.571875 0.2750000000000001 0.571875 0.3203125000000001 0.6 0.3203125000000001
1 0.5640625 0.2000000000000001 0.5421875 0.2000000000000001 0.5421875 0.23437500000000008 0.5640625 0.23437500000000008
1 0.5484375 0.19843750000000007 0.5296875 0.19843750000000004 0.5296875 0.2218750000000001 0.5484375 0.2218750000000001
1 0.6109375 0.19687500000000008 0.59375 0.19687500000000008 0.59375 0.2250000000000001 0.6109375 0.2250000000000001
1 0.6515625 0.1921875000000001 0.63125 0.1921875000000001 0.63125 0.21875000000000008 0.6515625 0.21875000000000008
1 0.5046875 0.2312500000000001 0.48125 0.2312500000000001 0.48125 0.2609375000000001 0.5046875 0.2609375000000001
1 0.5078125 0.2140625000000001 0.4875 0.2140625000000001 0.4875 0.2390625000000001 0.5078125 0.2390625000000001
1 0.515625 0.20468750000000008 0.4984375 0.20468750000000008 0.4984375 0.2312500000000001 0.515625 0.2312500000000001
1 0.534375 0.22812500000000008 0.5125 0.22812500000000008 0.5125 0.26250000000000007 0.534375 0.26250000000000007
1 0.4296875 0.2640625000000001 0.396875 0.2640625000000001 0.396875 0.3046875000000001 0.4296875 0.3046875000000001
1 0.396875 0.2562500000000001 0.3703125 0.2562500000000001 0.3703125 0.3062500000000001 0.396875 0.3062500000000001
3 0.8671875 0.934375 0.7421875000000002 0.934375 0.7421875000000002 1 0.8671875 1
3 0.9640625 0.4625000000000002 0.8890625 0.4625000000000002 0.8890625 0.5734375000000002 0.9640625 0.5734375000000002
0 0.80625 0.24375000000000008 0.7390625 0.24375000000000008 0.7390625 0.3546875000000001 0.80625 0.3546875000000001
0 0.7015625 0.1937500000000001 0.653125 0.1937500000000001 0.653125 0.27812500000000007 0.7015625 0.27812500000000007
2 0.365625 0.26875000000000004 0.359375 0.26875 0.359375 0.31093750000000003 0.365625 0.3109375000000001
2 0.353125 0.2796875 0.3484375 0.2796875 0.3484375 0.325 0.353125 0.325
2 0.4328125 0.2234375000000001 0.428125 0.2234375000000001 0.428125 0.2562500000000001 0.4328125 0.2562500000000001
2 0.4421875 0.2078125000000001 0.4375 0.2078125000000001 0.4375 0.2390625000000001 0.4421875 0.2390625000000001
2 0.421875 0.2156250000000001 0.4171875 0.2156250000000001 0.4171875 0.24375000000000008 0.421875 0.24375000000000008
2 0.425 0.21250000000000008 0.4203125 0.21250000000000008 0.4203125 0.2375000000000001 0.425 0.2375000000000001
2 0.4265625 0.19062500000000004 0.421875 0.19062500000000004 0.421875 0.2156250000000001 0.4265625 0.2156250000000001
2 0.4046875 0.22656250000000008 0.4 0.22656250000000008 0.4 0.2406250000000001 0.4046875 0.2406250000000001
2 0.921875 0.30937500000000007 0.9140625 0.30937500000000007 0.9140625 0.36406250000000007 0.921875 0.36406250000000007
2 0.8484375 0.2890625000000001 0.840625 0.2890625000000001 0.840625 0.3421875000000001 0.8484375 0.3421875000000001