0 0.478125 0.409375 0.3703125000000001 0.409375 0.3703125000000001 0.709375 0.478125 0.709375
0 0.73125 0.3062500000000001 0.653125 0.3062500000000001 0.653125 0.4843750000000001 0.73125 0.48437500000000017
0 0.8078125 0.2906250000000001 0.7234375 0.2906250000000001 0.7234375 0.46562500000000007 0.8078125 0.4656250000000002
0 1 0.3828125000000001 0.88125 0.3828125000000001 0.88125 0.6156250000000002 1 0.6156250000000002
0 0.7421875 0.24375000000000008 0.690625 0.24375000000000008 0.690625 0.3453125000000001 0.7421875 0.3453125000000001
0 0.7390625 0.21875000000000008 0.671875 0.21875000000000008 0.671875 0.3140625000000001 0.7390625 0.3140625000000001
0 0.746875 0.2062500000000001 0.6984375 0.2062500000000001 0.6984375 0.2968750000000001 0.746875 0.2968750000000001
0 0.6796875 0.2000000000000001 0.65 0.2000000000000001 0.65 0.2687500000000001 0.6796875 0.2687500000000001
1 0.8265625 0.7687500000000002 0.7312500000000002 0.7687500000000002 0.7312500000000002 0.984375 0.8265625 0.984375
1 0.7953125000000001 0.6078125000000001 0.7125 0.6078125 0.7125000000000001 0.7578125000000001 0.7953125000000002 0.7578125000000002
1 0.834375 0.5406250000000001 0.7875 0.5406250000000001 0.7875 0.6750000000000002 0.834375 0.6750000000000002
1 0.8546875 0.49531250000000016 0.8140625 0.49531250000000016 0.8140625 0.6093750000000002 0.8546875 0.6093750000000002
1 0.8359375 0.4437500000000002 0.7734375 0.4437500000000002 0.7734375 0.5375000000000002 0.8359375 0.5375000000000002
1 0.7625 0.43437500000000007 0.6953125 0.434375 0.6953125 0.5953125000000001 0.7625 0.5953125000000001
1 0.95 0.5515625000000002 0.859375 0.5515625000000002 0.859375 0.7046875000000001 0.95 0.7046875000000001
1 1 0.6609375000000002 0.946875 0.6609375000000002 0.946875 0.871875 1 0.871875
1 1 0.5500000000000002 0.9828125 0.5500000000000002 0.9828125 0.6593750000000002 1 0.6593750000000002
1 0.8921875 0.40937500000000016 0.846875 0.40937500000000016 0.846875 0.5000000000000002 0.8921875 0.5000000000000002
1 0.875 0.3765625000000001 0.821875 0.3765625000000001 0.821875 0.45312500000000017 0.875 0.45312500000000017
3 0.8359375 0.3500000000000001 0.8046875 0.3500000000000001 0.8046875 0.4125000000000002 0.8359375 0.4125000000000002
2 0.2218750000000001 0.3953125 0.2078125000000001 0.3953125 0.2078125000000001 0.4734375 0.2218750000000001 0.4734375
2 0.12031250000000004 0.3921875 0.10625000000000004 0.3921875 0.10625000000000004 0.4625 0.12031250000000004 0.4625
2 0.15468750000000003 0.390625 0.13906250000000003 0.390625 0.13906250000000003 0.4578125 0.15468750000000003 0.4578125
2 0.19687500000000005 0.3375 0.18437500000000004 0.3375 0.18437500000000004 0.39375 0.19687500000000005 0.39375
2 0.21406250000000004 0.3328125 0.203125 0.3328125 0.20312500000000006 0.3859375 0.2140625000000001 0.3859375
2 0.3546875 0.2796875 0.3484375 0.2796875 0.3484375 0.3234375 0.3546875 0.3234375
2 0.3671875 0.28593750000000007 0.35625 0.2859375 0.35625 0.33125000000000004 0.3671875 0.3312500000000001
2 0.3671875 0.26875000000000004 0.359375 0.26875 0.359375 0.29687500000000006 0.3671875 0.2968750000000001
2 0.2890625 0.2703125 0.278125 0.2703125 0.278125 0.3125 0.2890625 0.3125
2 0.2765625 0.2796875 0.2671875 0.2796875 0.2671875 0.296875 0.2765625 0.296875
2 0.4046875 0.22812500000000008 0.3984375 0.22812500000000008 0.3984375 0.2531250000000001 0.4046875 0.2531250000000001
2 0.4296875 0.2250000000000001 0.4234375 0.2250000000000001 0.4234375 0.2578125000000001 0.4296875 0.2578125000000001
2 0.4453125 0.2078125000000001 0.4390625 0.2078125000000001 0.4390625 0.2375000000000001 0.4453125 0.2375000000000001
2 0.4203125 0.21093750000000008 0.4125 0.21093750000000008 0.4125 0.24218750000000008 0.4203125 0.24218750000000008
2 0.4234375 0.2140625000000001 0.41875 0.2140625000000001 0.41875 0.24375000000000008 0.4234375 0.24375000000000008
2 0.846875 0.2750000000000001 0.8390625 0.2750000000000001 0.8390625 0.3265625000000001 0.846875 0.3265625000000001
2 0.89375 0.3343750000000001 0.884375 0.3343750000000001 0.884375 0.3843750000000001 0.89375 0.3843750000000001
2 0.9234375 0.3375000000000001 0.9140625 0.3375000000000001 0.9140625 0.3812500000000001 0.9234375 0.3812500000000001
2 0.946875 0.3515625000000001 0.9359375 0.3515625000000001 0.9359375 0.3859375000000001 0.946875 0.3859375000000001
2 0.959375 0.3125000000000001 0.95 0.3125000000000001 0.95 0.3703125000000001 0.959375 0.3703125000000001
1 0.6140625 0.525 0.5515625 0.525 0.5515625 0.625 0.6140625 0.625
1 0.55625 0.4046875 0.50625 0.4046875 0.50625 0.4921875 0.55625 0.4921875
1 0.6265625 0.3906250000000001 0.584375 0.3906250000000001 0.584375 0.4625 0.6265625 0.4625
3 0.5734375 0.3312500000000001 0.5375 0.3312500000000001 0.5375 0.403125 0.5734375 0.403125
3 0.35000000000000003 0.3625 0.303125 0.3625 0.30312500000000003 0.4234375 0.3500000000000001 0.4234375
3 0.540625 0.2562500000000001 0.51875 0.2562500000000001 0.51875 0.2921875000000001 0.540625 0.2921875000000001
3 0.55625 0.24375000000000008 0.534375 0.24375000000000008 0.534375 0.27812500000000007 0.55625 0.27812500000000007
3 0.5859375 0.22812500000000008 0.565625 0.22812500000000008 0.565625 0.2593750000000001 0.5859375 0.2593750000000001
1 0.496875 0.2468750000000001 0.471875 0.2468750000000001 0.471875 0.27812500000000007 0.496875 0.27812500000000007
3 0.5 0.22812500000000008 0.4796875 0.22812500000000008 0.4796875 0.2531250000000001 0.5 0.2531250000000001
3 0.509375 0.2093750000000001 0.490625 0.2093750000000001 0.490625 0.23437500000000008 0.509375 0.23437500000000008
1 0.515625 0.3312500000000001 0.4765625 0.3312500000000001 0.4765625 0.3843750000000001 0.515625 0.3843750000000001
1 0.409375 0.2906250000000001 0.3734375 0.2906250000000001 0.3734375 0.33281250000000007 0.409375 0.33281250000000007
1 0.6296875 0.34062500000000007 0.596875 0.34062500000000007 0.596875 0.3984375000000001 0.6296875 0.3984375000000001
1 0.5953125 0.3156250000000001 0.565625 0.3156250000000001 0.565625 0.3671875000000001 0.5953125 0.3671875000000001
1 0.5265625 0.2968750000000001 0.496875 0.2968750000000001 0.496875 0.3359375000000001 0.5265625 0.3359375000000001
1 0.596875 0.2734375000000001 0.571875 0.2734375000000001 0.571875 0.3218750000000001 0.596875 0.3218750000000001
1 0.59375 0.2578125000000001 0.571875 0.2578125000000001 0.571875 0.2875000000000001 0.59375 0.2875000000000001
1 0.628125 0.2406250000000001 0.6078125 0.2406250000000001 0.6078125 0.27812500000000007 0.628125 0.27812500000000007
1 0.6578125 0.2484375000000001 0.64375 0.2484375000000001 0.64375 0.2875000000000001 0.6578125 0.2875000000000001
1 0.5375 0.2312500000000001 0.5109375 0.2312500000000001 0.5109375 0.2656250000000001 0.5375 0.2656250000000001
1 0.5453125 0.22031250000000008 0.528125 0.22031250000000008 0.528125 0.24375000000000008 0.5453125 0.24375000000000008
1 0.5484375 0.2062500000000001 0.53125 0.2062500000000001 0.53125 0.2328125000000001 0.5484375 0.2328125000000001
1 0.5421875 0.19531250000000006 0.525 0.19531250000000006 0.525 0.22031250000000008 0.5421875 0.22031250000000008
1 0.58125 0.1906250000000001 0.56875 0.1906250000000001 0.56875 0.21250000000000008 0.58125 0.21250000000000008
1 0.6171875 0.19687500000000008 0.596875 0.19687500000000008 0.596875 0.2390625000000001 0.6171875 0.2390625000000001
1 0.625 0.2250000000000001 0.60625 0.2250000000000001 0.60625 0.25468750000000007 0.625 0.25468750000000007