2 0.11093750000000006 0.4953125 0.09687500000000007 0.4953125 0.09687500000000007 0.596875 0.11093750000000009 0.596875
2 0.05468750000000007 0.5171875 0.042187500000000065 0.5171875 0.042187500000000065 0.584375 0.05468750000000007 0.584375
2 0.04375000000000006 0.478125 0.03281250000000006 0.478125 0.032812500000000064 0.5375 0.04375000000000007 0.5375
2 0.11250000000000004 0.3890625 0.10312500000000005 0.3890625 0.10312500000000005 0.4546875 0.11250000000000004 0.4546875
2 0.12656250000000005 0.4 0.11718750000000004 0.4 0.11718750000000004 0.4515625 0.12656250000000005 0.4515625
2 0.17812500000000003 0.3921875 0.16718750000000004 0.3921875 0.16718750000000004 0.4703125 0.17812500000000003 0.4703125
2 0.18593750000000003 0.3546875 0.17500000000000004 0.3546875 0.17500000000000004 0.3953125 0.18593750000000003 0.3953125
2 0.20781250000000004 0.334375 0.19843750000000004 0.334375 0.19843750000000004 0.4015625 0.2078125000000001 0.4015625
2 0.21562500000000004 0.3296875 0.2078125 0.3296875 0.20781250000000004 0.38125 0.2156250000000001 0.38125
2 0.3453125 0.328125 0.3359375 0.328125 0.33593750000000006 0.3796875 0.3453125000000001 0.3796875
2 0.3546875 0.2828125 0.346875 0.2828125 0.346875 0.3265625 0.3546875 0.3265625
2 0.365625 0.27031250000000007 0.359375 0.2703125 0.359375 0.31250000000000006 0.365625 0.3125000000000001
2 0.43125 0.2234375000000001 0.425 0.2234375000000001 0.425 0.2578125000000001 0.43125 0.2578125000000001
2 0.4046875 0.2312500000000001 0.4 0.2312500000000001 0.4 0.24375000000000008 0.4046875 0.24375000000000008
2 0.41875 0.2171875000000001 0.4140625 0.2171875000000001 0.4140625 0.24375000000000008 0.41875 0.24375000000000008
2 0.4234375 0.2140625000000001 0.4171875 0.2140625000000001 0.4171875 0.24375000000000008 0.4234375 0.24375000000000008
1 0.4546875 0.2078125000000001 0.428125 0.2078125000000001 0.428125 0.23593750000000008 0.4546875 0.23593750000000008
2 0.446875 0.2140625000000001 0.4421875 0.2140625000000001 0.4421875 0.24218750000000008 0.446875 0.24218750000000008
2 0.9625 0.3906250000000001 0.9515625 0.3906250000000001 0.9515625 0.45625000000000016 0.9625 0.45625000000000016
0 0.9375 0.3218750000000001 0.821875 0.3218750000000001 0.821875 0.5140625000000002 0.9375 0.5140625000000002
2 0.8984375 0.2890625000000001 0.890625 0.2890625000000001 0.890625 0.3312500000000001 0.8984375 0.3312500000000001
2 0.8984375 0.3343750000000001 0.8921875 0.3343750000000001 0.8921875 0.3500000000000001 0.8984375 0.3500000000000001
2 0.91875 0.3078125000000001 0.9109375 0.3078125000000001 0.9109375 0.3625000000000001 0.91875 0.3625000000000001
2 0.934375 0.3281250000000001 0.928125 0.3281250000000001 0.928125 0.3765625000000001 0.934375 0.3765625000000001
3 0.5640625000000001 0.878125 0.4515625000000002 0.878125 0.4515625000000002 1 0.5640625000000001 1
3 0.865625 0.95 0.7515625000000001 0.95 0.7515625000000001 1 0.865625 1
3 1 0.8046875 0.8984375 0.8046875 0.8984375 0.9984375 1 0.9984375
3 0.7750000000000001 0.5984375000000001 0.696875 0.5984375 0.6968750000000001 0.7453125 0.7750000000000001 0.7453125000000002
3 0.5359375000000001 0.6078125 0.459375 0.6078125 0.4593750000000001 0.7390625 0.5359375000000002 0.7390625
3 0.93125 0.5375000000000002 0.8578125 0.5375000000000002 0.8578125 0.6453125000000002 0.93125 0.6453125000000002
1 0.6390625 0.4234375 0.5921875 0.4234375 0.5921875 0.49375 0.6390625 0.49375
3 0.625 0.3781250000000001 0.5859375 0.3781250000000001 0.5859375 0.44375 0.625 0.44375
3 0.4296875 0.3984375000000001 0.3781250000000001 0.3984375000000001 0.3781250000000001 0.46875 0.4296875 0.46875
3 0.3468750000000001 0.390625 0.3031250000000001 0.390625 0.3031250000000001 0.4515625 0.3468750000000001 0.4515625
3 0.5421875 0.23437500000000008 0.521875 0.23437500000000008 0.521875 0.27031250000000007 0.5421875 0.27031250000000007
3 0.5390625 0.19531250000000006 0.5234375 0.19531250000000006 0.5234375 0.21093750000000008 0.5390625 0.21093750000000008
0 0.659375 0.1937500000000001 0.6375 0.1937500000000001 0.6375 0.2296875000000001 0.659375 0.2296875000000001
0 0.7046875 0.2093750000000001 0.6640625 0.2093750000000001 0.6640625 0.29375000000000007 0.7046875 0.29375000000000007
0 0.73125 0.2296875000000001 0.675 0.2296875000000001 0.675 0.33281250000000007 0.73125 0.33281250000000007
0 0.765625 0.2671875000000001 0.7046875 0.2671875000000001 0.7046875 0.3890625000000001 0.765625 0.3890625000000001
0 0.703125 0.27031250000000007 0.6390625 0.27031250000000007 0.6390625 0.409375 0.703125 0.409375
1 0.6859375000000002 0.746875 0.5890625000000002 0.746875 0.5890625000000002 0.9328125 0.6859375000000002 0.9328125
1 0.8453125 0.7203125000000001 0.73125 0.7203125000000001 0.7312500000000001 0.89375 0.8453125 0.89375
1 0.965625 0.5953125000000001 0.8875 0.5953125000000001 0.8875 0.7343750000000002 0.965625 0.7343750000000002
1 1 0.6671875000000002 0.9640625 0.6671875000000002 0.9640625 0.8234375 1 0.8234375
1 1 0.5343750000000002 0.9515625 0.5343750000000002 0.9515625 0.6734375000000001 1 0.6734375000000001
1 0.9796875 0.4625000000000002 0.903125 0.4625000000000002 0.903125 0.5812500000000002 0.9796875 0.5812500000000002
1 0.85 0.4515625000000002 0.753125 0.4515625000000002 0.753125 0.5750000000000002 0.85 0.5750000000000002
1 0.759375 0.5375000000000001 0.6921875 0.5375 0.6921875 0.6343750000000001 0.759375 0.6343750000000001
1 0.765625 0.48906250000000007 0.7046875 0.4890625 0.7046875 0.5906250000000001 0.765625 0.5906250000000002
1 0.65 0.5796875 0.5796875 0.5796875 0.5796875 0.696875 0.65 0.696875
1 0.64375 0.484375 0.5875 0.484375 0.5875 0.5890625 0.64375 0.5890625
1 0.7171875 0.428125 0.6671875 0.428125 0.6671875 0.5015625 0.7171875 0.5015625
1 0.715625 0.3500000000000001 0.66875 0.3500000000000001 0.66875 0.4421875 0.715625 0.4421875
1 0.775 0.3687500000000001 0.7296875 0.3687500000000001 0.7296875 0.4234375000000002 0.775 0.4234375000000002
1 0.778125 0.4000000000000002 0.75 0.4000000000000002 0.75 0.4671875000000002 0.778125 0.4671875000000002
1 0.83125 0.41718750000000016 0.7765625 0.41718750000000016 0.7765625 0.5078125000000002 0.83125 0.5078125000000002
1 0.80625 0.3843750000000001 0.7734375 0.3843750000000001 0.7734375 0.42187500000000017 0.80625 0.42187500000000017
1 0.8234375 0.3375000000000001 0.790625 0.3375000000000001 0.790625 0.4078125000000002 0.8234375 0.4078125000000002
1 0.79375 0.3140625000000001 0.765625 0.3140625000000001 0.765625 0.36406250000000007 0.79375 0.36406250000000007
1 0.553125 0.4765625 0.5015625 0.4765625 0.5015625 0.565625 0.553125 0.565625
1 0.4875 0.4421875 0.43125 0.4421875 0.43125 0.528125 0.4875 0.528125
1 0.5171875 0.3765625000000001 0.4734375 0.3765625000000001 0.4734375 0.4515625 0.5171875 0.4515625
1 0.50625 0.3281250000000001 0.471875 0.3281250000000001 0.471875 0.3734375000000001 0.50625 0.3734375000000001
1 0.5796875 0.3437500000000001 0.5453125 0.3437500000000001 0.5453125 0.3937500000000001 0.5796875 0.3937500000000001
1 0.621875 0.3187500000000001 0.5921875 0.3187500000000001 0.5921875 0.3781250000000001 0.621875 0.3781250000000001
1 0.22812500000000008 0.4796875 0.16875000000000004 0.4796875 0.16875000000000007 0.590625 0.22812500000000008 0.590625
1 0.3890625000000001 0.69375 0.27812500000000007 0.69375 0.27812500000000007 0.8765625 0.3890625000000001 0.8765625
1 0.014062500000000058 0.4375 5.357829746269671e-17 0.4375 5.711829211648202e-17 0.4953125 0.014062500000000061 0.4953125
1 0.08125000000000006 0.4046875 0.0015625000000000493 0.4046875 0.0015625000000000539 0.4765625 0.08125000000000007 0.4765625
1 0.6546875 0.2406250000000001 0.615625 0.2406250000000001 0.615625 0.2750000000000001 0.6546875 0.2750000000000001
1 0.625 0.26250000000000007 0.5953125 0.26250000000000007 0.5953125 0.3281250000000001 0.625 0.3281250000000001
1 0.6140625 0.25468750000000007 0.596875 0.25468750000000007 0.596875 0.2796875000000001 0.6140625 0.2796875000000001
1 0.61875 0.30156250000000007 0.590625 0.30156250000000007 0.590625 0.3500000000000001 0.61875 0.3500000000000001
1 0.5734375 0.2953125000000001 0.5421875 0.2953125000000001 0.5421875 0.34843750000000007 0.5734375 0.34843750000000007
1 0.534375 0.2640625000000001 0.50625 0.2640625000000001 0.50625 0.3046875000000001 0.534375 0.3046875000000001
1 0.584375 0.2390625000000001 0.5609375 0.2390625000000001 0.5609375 0.2718750000000001 0.584375 0.2718750000000001
1 0.5796875 0.19687500000000008 0.5625 0.19687500000000008 0.5625 0.2234375000000001 0.5796875 0.2234375000000001
1 0.5984375 0.1937500000000001 0.584375 0.1937500000000001 0.584375 0.2156250000000001 0.5984375 0.2156250000000001
1 0.553125 0.2093750000000001 0.534375 0.2093750000000001 0.534375 0.23437500000000008 0.553125 0.23437500000000008
1 0.559375 0.19062500000000007 0.54375 0.19062500000000004 0.54375 0.21093750000000008 0.559375 0.21093750000000008
1 0.5203125 0.2000000000000001 0.50625 0.2000000000000001 0.50625 0.2218750000000001 0.5203125 0.2218750000000001
1 0.5078125 0.2140625000000001 0.4875 0.2140625000000001 0.4875 0.2515625000000001 0.5078125 0.2515625000000001
1 0.45625 0.27031250000000007 0.4328125 0.27031250000000007 0.4328125 0.3187500000000001 0.45625 0.3187500000000001
1 0.4265625 0.2734375000000001 0.3984375 0.2734375000000001 0.3984375 0.30937500000000007 0.4265625 0.30937500000000007
1 0.39375 0.2671875000000001 0.375 0.2671875000000001 0.375 0.3046875000000001 0.39375 0.3046875000000001