1 0.79375 0.5109375 0.7046875 0.5109375 0.7046875 0.7156250000000001 0.79375 0.7156250000000002
1 0.8609375 0.8296875 0.7406250000000002 0.8296875 0.7406250000000002 1 0.8609375 1
1 0.9859375 0.5921875000000002 0.8921875 0.5921875000000002 0.8921875 0.7718750000000002 0.9859375 0.7718750000000002
1 1 0.5734375000000002 0.9890625 0.5734375000000002 0.9890625 0.6875000000000002 1 0.6875000000000002
1 0.9171875 0.6859375000000002 0.8421875 0.6859375000000002 0.8421875 0.8765625 0.9171875 0.8765625
1 0.8640625 0.5546875000000002 0.8140625 0.5546875000000002 0.8140625 0.7015625000000002 0.8640625 0.7015625000000002
1 0.890625 0.5015625000000001 0.8140625 0.5015625000000001 0.8140625 0.6171875000000002 0.890625 0.6171875000000002
1 0.8890625 0.4031250000000002 0.8484375 0.4031250000000002 0.8484375 0.5000000000000002 0.8890625 0.5000000000000002
1 0.8703125 0.3750000000000001 0.8265625 0.3750000000000001 0.8265625 0.46875000000000017 0.8703125 0.46875000000000017
1 0.5921875 0.4640625 0.5359375 0.4640625 0.5359375 0.55 0.5921875 0.55
1 0.5265625 0.3359375000000001 0.484375 0.3359375000000001 0.484375 0.403125 0.5265625 0.403125
1 0.61875 0.3437500000000001 0.5828125 0.3437500000000001 0.5828125 0.4046875 0.61875 0.4046875
1 0.6296875 0.3062500000000001 0.6 0.3062500000000001 0.6 0.35625000000000007 0.6296875 0.35625000000000007
1 0.596875 0.2828125000000001 0.5703125 0.2828125000000001 0.5703125 0.32500000000000007 0.596875 0.32500000000000007
1 0.53125 0.28593750000000007 0.496875 0.28593750000000007 0.496875 0.3218750000000001 0.53125 0.3218750000000001
1 0.5359375 0.2578125000000001 0.509375 0.2578125000000001 0.509375 0.2984375000000001 0.5359375 0.2984375000000001
1 0.40625 0.29375000000000007 0.3703125 0.29375000000000007 0.3703125 0.3343750000000001 0.40625 0.3343750000000001
2 0.371875 0.27812500000000007 0.3625 0.278125 0.3625 0.321875 0.371875 0.3218750000000001
1 0.396875 0.2640625000000001 0.3734375 0.2640625000000001 0.3734375 0.2984375000000001 0.396875 0.2984375000000001
1 0.50625 0.22656250000000008 0.4859375 0.22656250000000008 0.4859375 0.2562500000000001 0.50625 0.2562500000000001
3 0.5453125 0.23593750000000008 0.5234375 0.23593750000000008 0.5234375 0.2718750000000001 0.5453125 0.2718750000000001
1 0.5375 0.2140625000000001 0.51875 0.2140625000000001 0.51875 0.2468750000000001 0.5375 0.2468750000000001
3 0.5546875 0.2296875000000001 0.5375 0.2296875000000001 0.5375 0.2578125000000001 0.5546875 0.2578125000000001
1 0.5484375 0.2062500000000001 0.5328125 0.2062500000000001 0.5328125 0.22656250000000008 0.5484375 0.22656250000000008
1 0.5515625 0.19375000000000006 0.534375 0.19375000000000003 0.534375 0.2171875000000001 0.5515625 0.2171875000000001
1 0.596875 0.24375000000000008 0.575 0.24375000000000008 0.575 0.2812500000000001 0.596875 0.2812500000000001
1 0.6015625 0.2328125000000001 0.58125 0.2328125000000001 0.58125 0.2640625000000001 0.6015625 0.2640625000000001
1 0.628125 0.22031250000000008 0.609375 0.22031250000000008 0.609375 0.2500000000000001 0.628125 0.2500000000000001
1 0.6234375 0.2093750000000001 0.60625 0.2093750000000001 0.60625 0.2328125000000001 0.6234375 0.2328125000000001
1 0.6125 0.18906250000000008 0.59375 0.18906250000000008 0.59375 0.2234375000000001 0.6125 0.2234375000000001
1 0.6609375 0.2640625000000001 0.64375 0.2640625000000001 0.64375 0.3062500000000001 0.6609375 0.3062500000000001
1 0.6765625 0.2515625000000001 0.665625 0.2515625000000001 0.665625 0.2875000000000001 0.6765625 0.2875000000000001
0 0.7484375 0.3343750000000001 0.6640625 0.3343750000000001 0.6640625 0.5234375000000001 0.7484375 0.5234375000000002
0 0.4671875 0.3390625000000001 0.3921875 0.3390625000000001 0.3921875 0.5375 0.4671875 0.5375
0 0.825 0.3109375000000001 0.7359375 0.3109375000000001 0.7359375 0.4828125000000002 0.825 0.4828125000000002
0 1 0.3812500000000001 0.8875 0.3812500000000001 0.8875 0.6156250000000002 1 0.6156250000000002
0 0.7484375 0.2531250000000001 0.6921875 0.2531250000000001 0.6921875 0.3765625000000001 0.7484375 0.3765625000000001
0 0.734375 0.21875000000000008 0.6765625 0.21875000000000008 0.6765625 0.3140625000000001 0.734375 0.3140625000000001
0 0.75 0.2078125000000001 0.703125 0.2078125000000001 0.703125 0.30937500000000007 0.75 0.30937500000000007
0 0.684375 0.1984375000000001 0.6515625 0.1984375000000001 0.6515625 0.2671875000000001 0.684375 0.2671875000000001
0 0.653125 0.18906250000000008 0.628125 0.18906250000000008 0.628125 0.2234375000000001 0.653125 0.2234375000000001
3 0.5671875 0.30156250000000007 0.5359375 0.30156250000000007 0.5359375 0.3609375000000001 0.5671875 0.3609375000000001
3 0.35000000000000003 0.3625 0.3046875 0.3625 0.30468750000000006 0.4234375 0.3500000000000001 0.4234375
3 0.5859375 0.21250000000000008 0.5671875 0.21250000000000008 0.5671875 0.24218750000000008 0.5859375 0.24218750000000008
3 0.51875 0.2000000000000001 0.5015625 0.2000000000000001 0.5015625 0.2218750000000001 0.51875 0.2218750000000001
3 0.509375 0.2140625000000001 0.490625 0.2140625000000001 0.490625 0.2375000000000001 0.509375 0.2375000000000001
2 0.9171875 0.2890625000000001 0.9078125 0.2890625000000001 0.9078125 0.3312500000000001 0.9171875 0.3312500000000001
2 0.846875 0.2734375000000001 0.8421875 0.2734375000000001 0.8421875 0.31718750000000007 0.846875 0.31718750000000007
2 0.88125 0.3312500000000001 0.8734375 0.3312500000000001 0.8734375 0.3812500000000001 0.88125 0.3812500000000001
2 0.9171875 0.3343750000000001 0.90625 0.3343750000000001 0.90625 0.3781250000000001 0.9171875 0.3781250000000001
2 0.9359375 0.3453125000000001 0.9265625 0.3453125000000001 0.9265625 0.3812500000000001 0.9359375 0.3812500000000001
2 0.9453125 0.32500000000000007 0.9375 0.32500000000000007 0.9375 0.37968750000000007 0.9453125 0.37968750000000007
2 0.95 0.30156250000000007 0.940625 0.30156250000000007 0.940625 0.35625000000000007 0.95 0.35625000000000007
2 0.12500000000000006 0.3796875 0.10937500000000004 0.3796875 0.10937500000000004 0.45 0.12500000000000006 0.45
2 0.15937500000000004 0.3890625 0.14531250000000004 0.3890625 0.14531250000000004 0.4625 0.15937500000000004 0.4625
2 0.2453125000000001 0.3828125 0.2328125000000001 0.3828125 0.2328125000000001 0.4578125 0.2453125000000001 0.4578125
2 0.22031250000000005 0.334375 0.2078125 0.334375 0.20781250000000004 0.39375 0.22031250000000008 0.39375
2 0.19531250000000006 0.3296875 0.18750000000000006 0.3296875 0.18750000000000006 0.3609375 0.19531250000000006 0.3609375
2 0.2796875 0.2703125 0.271875 0.2703125 0.271875 0.29375 0.2796875 0.29375
2 0.2875 0.265625 0.28125 0.265625 0.28125 0.303125 0.2875 0.303125
2 0.3546875 0.28125 0.3484375 0.28125 0.3484375 0.3296875 0.3546875 0.3296875
2 0.365625 0.26406250000000003 0.3578125 0.2640625 0.3578125 0.30000000000000004 0.365625 0.3000000000000001
2 0.4328125 0.2250000000000001 0.4265625 0.2250000000000001 0.4265625 0.2531250000000001 0.4328125 0.2531250000000001
2 0.4046875 0.22812500000000008 0.3984375 0.22812500000000008 0.3984375 0.2406250000000001 0.4046875 0.2406250000000001
2 0.4109375 0.21875000000000008 0.4046875 0.21875000000000008 0.4046875 0.23437500000000008 0.4109375 0.23437500000000008
2 0.425 0.2078125000000001 0.415625 0.2078125000000001 0.415625 0.2406250000000001 0.425 0.2406250000000001
2 0.4453125 0.2093750000000001 0.440625 0.2093750000000001 0.440625 0.2390625000000001 0.4453125 0.2390625000000001