0 1 0.6765625000000001 0.6703125 0.6765625 0.6703125000000001 1 1 1
0 0.8609375 0.3203125000000001 0.7578125 0.3203125000000001 0.7578125 0.5359375000000002 0.8609375 0.5359375000000002
0 0.8578125 0.2750000000000001 0.7765625 0.2750000000000001 0.7765625 0.3890625000000001 0.8578125 0.3890625000000001
0 0.74375 0.26250000000000007 0.6890625 0.26250000000000007 0.6890625 0.3781250000000001 0.74375 0.3781250000000001
0 0.6515625 0.2484375000000001 0.6046875 0.2484375000000001 0.6046875 0.37187500000000007 0.6515625 0.37187500000000007
0 0.4859375 0.18281250000000004 0.4609375 0.18281250000000004 0.4609375 0.2062500000000001 0.4859375 0.2062500000000001
3 0.515625 0.2078125000000001 0.4890625 0.2078125000000001 0.4890625 0.23437500000000008 0.515625 0.23437500000000008
3 0.909375 0.5328125000000001 0.834375 0.5328125000000001 0.834375 0.6468750000000002 0.909375 0.6468750000000002
3 0.35000000000000003 0.353125 0.3046875 0.353125 0.30468750000000006 0.4125 0.3500000000000001 0.4125
2 0.2078125000000001 0.39375 0.19531250000000006 0.39375 0.19531250000000006 0.4671875 0.2078125000000001 0.4671875
2 0.017187500000000057 0.4359375 0.0031250000000000526 0.4359375 0.003125000000000057 0.4953125 0.01718750000000006 0.4953125
2 0.15156250000000004 0.3640625 0.14375000000000004 0.3640625 0.14375000000000004 0.3859375 0.15156250000000004 0.3859375
2 0.3578125 0.271875 0.35 0.271875 0.35 0.3171875 0.3578125 0.3171875
2 0.296875 0.259375 0.290625 0.259375 0.290625 0.2953125 0.296875 0.2953125
2 0.36875 0.25781250000000006 0.3609375 0.2578125 0.3609375 0.30468750000000006 0.36875 0.3046875000000001
2 0.4046875 0.2406250000000001 0.3984375 0.2406250000000001 0.3984375 0.2765625000000001 0.4046875 0.2765625000000001
2 0.415625 0.19843750000000004 0.4125 0.19843750000000004 0.4125 0.2234375000000001 0.415625 0.2234375000000001
2 0.425 0.20312500000000008 0.41875 0.20312500000000008 0.41875 0.2390625000000001 0.425 0.2390625000000001
2 0.428125 0.2062500000000001 0.425 0.2062500000000001 0.425 0.2312500000000001 0.428125 0.2312500000000001
2 0.4453125 0.20312500000000008 0.440625 0.20312500000000008 0.440625 0.2296875000000001 0.4453125 0.2296875000000001
2 0.4125 0.18593750000000003 0.4078125 0.18593750000000003 0.4078125 0.2093750000000001 0.4125 0.2093750000000001
2 0.9390625 0.2890625000000001 0.9296875 0.2890625000000001 0.9296875 0.3390625000000001 0.9390625 0.3390625000000001
2 0.9484375 0.2953125000000001 0.9390625 0.2953125000000001 0.9390625 0.3531250000000001 0.9484375 0.3531250000000001
2 0.8515625 0.2593750000000001 0.8453125 0.2593750000000001 0.8453125 0.2875000000000001 0.8515625 0.2875000000000001
2 0.9984375 0.3312500000000001 0.990625 0.3312500000000001 0.990625 0.3609375000000001 0.9984375 0.3609375000000001
2 0.921875 0.3750000000000001 0.9078125 0.3750000000000001 0.9078125 0.4125000000000002 0.921875 0.4125000000000002
1 1 0.5156250000000002 0.959375 0.5156250000000002 0.959375 0.6593750000000002 1 0.6593750000000002
1 0.9578125 0.44531250000000017 0.8796875 0.44531250000000017 0.8796875 0.5546875000000002 0.9578125 0.5546875000000002
1 0.9703125 0.5828125000000002 0.878125 0.5828125000000002 0.878125 0.7265625000000002 0.9703125 0.7265625000000002
1 0.903125 0.3984375000000001 0.8625 0.3984375000000001 0.8625 0.47968750000000016 0.903125 0.47968750000000016
1 0.7578125 0.3515625000000001 0.728125 0.3515625000000001 0.728125 0.41406250000000017 0.7578125 0.41406250000000017
1 0.765625 0.2562500000000001 0.734375 0.2562500000000001 0.734375 0.32500000000000007 0.765625 0.32500000000000007
1 0.4921875 0.2812500000000001 0.4359375 0.2812500000000001 0.4359375 0.3187500000000001 0.4921875 0.3187500000000001
1 0.396875 0.25468750000000007 0.3765625 0.25468750000000007 0.3765625 0.2968750000000001 0.396875 0.2968750000000001
1 0.4421875 0.2296875000000001 0.4265625 0.2296875000000001 0.4265625 0.2640625000000001 0.4421875 0.2640625000000001
1 0.546875 0.18593750000000006 0.53125 0.18593750000000003 0.53125 0.21093750000000008 0.546875 0.21093750000000008
1 0.575 0.1828125000000001 0.559375 0.1828125000000001 0.559375 0.1984375000000001 0.575 0.1984375000000001