0 0.8703125 0.3437500000000001 0.778125 0.3437500000000001 0.778125 0.5890625000000002 0.8703125 0.5890625000000002
0 0.675 0.2890625000000001 0.609375 0.2890625000000001 0.609375 0.4546875 0.675 0.4546875
0 0.7703125 0.2796875000000001 0.7078125 0.2796875000000001 0.7078125 0.41875000000000007 0.7703125 0.4187500000000002
0 0.8765625 0.2796875000000001 0.7890625 0.2796875000000001 0.7890625 0.4281250000000002 0.8765625 0.4281250000000002
3 0.93125 0.5578125000000002 0.85 0.5578125000000002 0.85 0.6843750000000002 0.93125 0.6843750000000002
3 0.35156250000000006 0.3484375 0.30625 0.3484375 0.30625 0.4109375 0.3515625000000001 0.4109375
3 0.4984375 0.2000000000000001 0.475 0.2000000000000001 0.475 0.2312500000000001 0.4984375 0.2312500000000001
1 1 0.6218750000000002 0.9 0.6218750000000002 0.9 0.7843750000000002 1 0.7843750000000002
1 1 0.5703125000000002 0.9921875 0.5703125000000002 0.9921875 0.6734375000000001 1 0.6734375000000001
1 0.9921875 0.4656250000000002 0.9046875 0.4656250000000002 0.9046875 0.5906250000000002 0.9921875 0.5906250000000002
1 0.9296875 0.4187500000000002 0.86875 0.4187500000000002 0.86875 0.5046875000000002 0.9296875 0.5046875000000002
1 0.778125 0.3906250000000001 0.746875 0.3906250000000001 0.746875 0.4625000000000002 0.778125 0.4625000000000002
1 0.709375 0.2750000000000001 0.6890625 0.2750000000000001 0.6890625 0.3296875000000001 0.709375 0.3296875000000001
1 0.721875 0.27031250000000007 0.7015625 0.27031250000000007 0.7015625 0.2812500000000001 0.721875 0.2812500000000001
1 0.78125 0.2718750000000001 0.746875 0.2718750000000001 0.746875 0.3500000000000001 0.78125 0.3500000000000001
1 0.5875 0.2531250000000001 0.5421875 0.2531250000000001 0.5421875 0.29375000000000007 0.5875 0.29375000000000007
1 0.3984375 0.2515625000000001 0.3765625 0.2515625000000001 0.3765625 0.2968750000000001 0.3984375 0.2968750000000001
1 0.44375 0.2156250000000001 0.428125 0.2156250000000001 0.428125 0.2500000000000001 0.44375 0.2500000000000001
1 0.6890625 0.18750000000000008 0.646875 0.18750000000000008 0.646875 0.2062500000000001 0.6890625 0.2062500000000001
1 0.5515625 0.17968750000000006 0.5359375 0.17968750000000006 0.5359375 0.19375000000000006 0.5515625 0.1937500000000001
2 0.9234375 0.3734375000000001 0.9109375 0.3734375000000001 0.9109375 0.40937500000000016 0.9234375 0.40937500000000016
2 0.9984375 0.34062500000000007 0.9890625 0.34062500000000007 0.9890625 0.3781250000000001 0.9984375 0.3781250000000001
2 0.75625 0.2015625000000001 0.75 0.2015625000000001 0.75 0.23437500000000008 0.75625 0.23437500000000008
2 0.20468750000000008 0.390625 0.19531250000000006 0.390625 0.19531250000000006 0.4453125 0.20468750000000008 0.4453125
2 0.16562500000000005 0.3515625 0.15781250000000005 0.3515625 0.15781250000000005 0.3828125 0.16562500000000005 0.3828125
2 0.35625 0.2703125 0.35 0.2703125 0.35 0.3171875 0.35625 0.3171875
2 0.36875 0.25312500000000004 0.3609375 0.253125 0.3609375 0.30625 0.36875 0.3062500000000001
2 0.4078125 0.2375000000000001 0.4015625 0.2375000000000001 0.4015625 0.2687500000000001 0.4078125 0.2687500000000001
2 0.4234375 0.2062500000000001 0.4203125 0.2062500000000001 0.4203125 0.23437500000000008 0.4234375 0.23437500000000008
2 0.4125 0.2015625000000001 0.4078125 0.2015625000000001 0.4078125 0.21875000000000008 0.4125 0.21875000000000008
2 0.45 0.2015625000000001 0.4453125 0.2015625000000001 0.4453125 0.2312500000000001 0.45 0.2312500000000001
2 0.4296875 0.20312500000000008 0.425 0.20312500000000008 0.425 0.2296875000000001 0.4296875 0.2296875000000001
2 0.20156250000000003 0.328125 0.19218750000000004 0.328125 0.19218750000000004 0.36875 0.2015625000000001 0.36875