3 0.546875 0.565625 0.471875 0.565625 0.471875 0.7125 0.546875 0.7125
3 0.7796875000000001 0.6015625000000001 0.6953125 0.6015625 0.6953125000000001 0.7375 0.7796875000000002 0.7375000000000002
3 0.8703125 0.9421875 0.7453125000000002 0.9421875 0.7453125000000002 1 0.8703125 1
3 0.8390625 0.44843750000000016 0.7875 0.44843750000000016 0.7875 0.5500000000000002 0.8390625 0.5500000000000002
3 0.8078125 0.41718750000000016 0.765625 0.41718750000000016 0.765625 0.49531250000000016 0.8078125 0.49531250000000016
3 1 0.5375000000000002 0.953125 0.5375000000000002 0.953125 0.6625000000000002 1 0.6625000000000002
3 0.4640625 0.3000000000000001 0.4296875 0.3000000000000001 0.4296875 0.3515625000000001 0.4640625 0.3515625000000001
3 0.53125 0.2796875000000001 0.5046875 0.2796875000000001 0.5046875 0.31718750000000007 0.53125 0.31718750000000007
3 0.50625 0.24218750000000008 0.4828125 0.24218750000000008 0.4828125 0.2765625000000001 0.50625 0.2765625000000001
3 0.5296875 0.22031250000000008 0.5125 0.22031250000000008 0.5125 0.2500000000000001 0.5296875 0.2500000000000001
3 0.515625 0.2062500000000001 0.5 0.2062500000000001 0.5 0.2312500000000001 0.515625 0.2312500000000001
3 0.540625 0.2015625000000001 0.525 0.2015625000000001 0.525 0.22656250000000008 0.540625 0.22656250000000008
3 0.615625 0.20468750000000008 0.596875 0.20468750000000008 0.596875 0.2312500000000001 0.615625 0.2312500000000001
0 0.690625 0.2640625000000001 0.6328125 0.2640625000000001 0.6328125 0.3843750000000001 0.690625 0.3843750000000001
0 0.7484375 0.2515625000000001 0.69375 0.2515625000000001 0.69375 0.3734375000000001 0.7484375 0.3734375000000001
0 0.81875 0.2531250000000001 0.7515625 0.2531250000000001 0.7515625 0.3750000000000001 0.81875 0.3750000000000001
0 0.7140625 0.21875000000000008 0.671875 0.21875000000000008 0.671875 0.3218750000000001 0.7140625 0.3218750000000001
0 0.6953125 0.19687500000000008 0.659375 0.19687500000000008 0.659375 0.29375000000000007 0.6953125 0.29375000000000007
1 0.6953125000000002 0.7734375 0.5968750000000002 0.7734375 0.5968750000000002 0.94375 0.6953125000000002 0.94375
1 0.2515625000000001 0.7125 0.10781250000000009 0.7125 0.10781250000000012 0.9421875 0.2515625000000001 0.9421875
1 0.5640625000000001 0.940625 0.44843750000000016 0.940625 0.44843750000000016 1 0.5640625000000001 1
1 0.846875 0.7156250000000002 0.73125 0.7156250000000002 0.7312500000000001 0.8984375 0.846875 0.8984375
1 1 0.6234375000000002 0.9 0.6234375000000002 0.9 0.7843750000000002 1 0.7843750000000002
1 1 0.7406250000000002 0.9796875 0.7406250000000002 0.9796875 0.8796875 1 0.8796875
1 0.9421875 0.5390625000000002 0.8609375 0.5390625000000002 0.8609375 0.6625000000000002 0.9421875 0.6625000000000002
1 0.8890625 0.49531250000000016 0.8203125 0.49531250000000016 0.8203125 0.6000000000000002 0.8890625 0.6000000000000002
1 0.9125 0.41406250000000017 0.8453125 0.41406250000000017 0.8453125 0.5156250000000002 0.9125 0.5156250000000002
1 0.846875 0.3390625000000001 0.796875 0.3390625000000001 0.796875 0.42500000000000016 0.846875 0.42500000000000016
1 0.6796875 0.5765625 0.609375 0.5765625 0.609375 0.7140625 0.6796875 0.7140625
1 0.759375 0.5359375000000001 0.6921875 0.5359375 0.6921875 0.6265625000000001 0.759375 0.6265625000000001
1 0.765625 0.48906250000000007 0.7046875 0.4890625 0.7046875 0.5796875000000001 0.765625 0.5796875000000001
1 0.7546875 0.4125000000000001 0.696875 0.4125 0.696875 0.5125000000000001 0.7546875 0.5125000000000002
1 0.7859375 0.3687500000000001 0.7390625 0.3687500000000001 0.7390625 0.43750000000000017 0.7859375 0.43750000000000017
1 0.775 0.3375000000000001 0.7484375 0.3375000000000001 0.7484375 0.3921875000000001 0.775 0.3921875000000001
1 0.746875 0.34062500000000007 0.715625 0.34062500000000007 0.715625 0.4062500000000001 0.746875 0.40625000000000017
1 0.746875 0.3359375000000001 0.7109375 0.3359375000000001 0.7109375 0.3859375000000001 0.746875 0.3859375000000001
1 0.7109375 0.3359375000000001 0.6625 0.3359375000000001 0.6625 0.425 0.7109375 0.425
1 0.7 0.4 0.6609375 0.4 0.6609375 0.471875 0.7 0.471875
1 0.6421875 0.4140625 0.5859375 0.4140625 0.5859375 0.546875 0.6421875 0.546875
1 0.565625 0.4078125 0.521875 0.4078125 0.521875 0.48125 0.565625 0.48125
1 0.5046875 0.5015625 0.459375 0.5015625 0.459375 0.5953125 0.5046875 0.5953125
1 0.4546875 0.4828125 0.3843750000000001 0.4828125 0.3843750000000001 0.5734375 0.4546875 0.5734375
1 0.4546875 0.4109375 0.4125 0.4109375 0.4125 0.4796875 0.4546875 0.4796875
1 0.515625 0.3375000000000001 0.4828125 0.3375000000000001 0.4828125 0.3859375000000001 0.515625 0.3859375000000001
1 0.5765625 0.3281250000000001 0.5421875 0.3281250000000001 0.5421875 0.3843750000000001 0.5765625 0.3843750000000001
1 0.61875 0.3140625000000001 0.5890625 0.3140625000000001 0.5890625 0.3578125000000001 0.61875 0.3578125000000001
3 0.6328125 0.3937500000000001 0.5953125 0.3937500000000001 0.5953125 0.4328125 0.6328125 0.4328125
1 0.6265625 0.3625000000000001 0.5875 0.3625000000000001 0.5875 0.4203125 0.6265625 0.4203125
1 0.4328125 0.3343750000000001 0.3953125 0.3343750000000001 0.39531250000000007 0.3906250000000001 0.4328125 0.3906250000000001
1 0.428125 0.27031250000000007 0.3984375 0.27031250000000007 0.3984375 0.3062500000000001 0.428125 0.3062500000000001
1 0.39375 0.2640625000000001 0.3734375 0.2640625000000001 0.3734375 0.3078125000000001 0.39375 0.3078125000000001
1 0.5296875 0.2640625000000001 0.5046875 0.2640625000000001 0.5046875 0.29375000000000007 0.5296875 0.29375000000000007
1 0.5890625 0.2562500000000001 0.5625 0.2562500000000001 0.5625 0.3062500000000001 0.5890625 0.3062500000000001
1 0.6015625 0.2890625000000001 0.5734375 0.2890625000000001 0.5734375 0.3312500000000001 0.6015625 0.3312500000000001
1 0.609375 0.2484375000000001 0.5859375 0.2484375000000001 0.5859375 0.2890625000000001 0.609375 0.2890625000000001
1 0.5890625 0.2328125000000001 0.565625 0.2328125000000001 0.565625 0.26250000000000007 0.5890625 0.26250000000000007
1 0.5484375 0.23437500000000008 0.528125 0.23437500000000008 0.528125 0.2640625000000001 0.5484375 0.2640625000000001
1 0.5546875 0.2062500000000001 0.5359375 0.2062500000000001 0.5359375 0.23593750000000008 0.5546875 0.23593750000000008
1 0.58125 0.2000000000000001 0.565625 0.2000000000000001 0.565625 0.22812500000000008 0.58125 0.22812500000000008
1 0.525 0.19218750000000004 0.5109375 0.19218750000000004 0.5109375 0.2140625000000001 0.525 0.2140625000000001
1 0.659375 0.2062500000000001 0.64375 0.2062500000000001 0.64375 0.23593750000000008 0.659375 0.23593750000000008
1 0.6625 0.2015625000000001 0.6453125 0.2015625000000001 0.6453125 0.21875000000000008 0.6625 0.21875000000000008
1 0.2531250000000001 0.6 0.18125000000000008 0.6 0.18125000000000008 0.7140625 0.2531250000000001 0.7140625
1 0.2843750000000001 0.475 0.2328125000000001 0.475 0.2328125000000001 0.5703125 0.2843750000000001 0.5703125
1 0.2328125000000001 0.446875 0.15625000000000006 0.446875 0.15625000000000006 0.5375 0.2328125000000001 0.5375
1 0.11562500000000005 0.446875 0.021875000000000054 0.446875 0.02187500000000006 0.5234375 0.11562500000000005 0.5234375
2 0.10937500000000007 0.509375 0.09531250000000006 0.509375 0.09531250000000006 0.6109375 0.10937500000000008 0.6109375
2 0.057812500000000065 0.459375 0.04375000000000005 0.459375 0.04375000000000006 0.5375 0.057812500000000065 0.5375
2 0.09687500000000006 0.415625 0.07968750000000005 0.415625 0.07968750000000005 0.4546875 0.09687500000000007 0.4546875
2 0.12187500000000004 0.390625 0.10937500000000004 0.390625 0.10937500000000004 0.4671875 0.12187500000000004 0.4671875
2 0.13281250000000006 0.378125 0.12187500000000004 0.378125 0.12187500000000004 0.4453125 0.13281250000000006 0.4453125
2 0.16875000000000004 0.39375 0.15781250000000005 0.39375 0.15781250000000005 0.459375 0.16875000000000004 0.459375
2 0.17500000000000004 0.35 0.16093750000000004 0.35 0.16093750000000004 0.4015625 0.17500000000000004 0.4015625
2 0.19531250000000006 0.3390625 0.18750000000000006 0.3390625 0.18750000000000006 0.396875 0.19531250000000006 0.396875
2 0.20781250000000004 0.3484375 0.19843750000000004 0.3484375 0.19843750000000004 0.4015625 0.2078125000000001 0.4015625
2 0.2687500000000001 0.3796875 0.25468750000000007 0.3796875 0.25468750000000007 0.4359375 0.2687500000000001 0.4359375
2 0.35625 0.2796875 0.3484375 0.2796875 0.3484375 0.3390625 0.35625 0.3390625
2 0.365625 0.26562500000000006 0.3578125 0.265625 0.3578125 0.31875000000000003 0.365625 0.3187500000000001
2 0.4046875 0.2296875000000001 0.4015625 0.2296875000000001 0.4015625 0.24218750000000008 0.4046875 0.24218750000000008
2 0.4171875 0.22031250000000008 0.4125 0.22031250000000008 0.4125 0.2484375000000001 0.4171875 0.2484375000000001
2 0.4328125 0.22031250000000008 0.4265625 0.22031250000000008 0.4265625 0.2593750000000001 0.4328125 0.2593750000000001
2 0.4234375 0.21250000000000008 0.4171875 0.21250000000000008 0.4171875 0.24218750000000008 0.4234375 0.24218750000000008
2 0.44375 0.21093750000000008 0.4375 0.21093750000000008 0.4375 0.2406250000000001 0.44375 0.2406250000000001
2 0.4609375 0.19531250000000006 0.4546875 0.19531250000000006 0.4546875 0.21875000000000008 0.4609375 0.21875000000000008
2 0.9453125 0.3781250000000001 0.934375 0.3781250000000001 0.934375 0.4500000000000002 0.9453125 0.4500000000000002
2 0.9625 0.36406250000000007 0.9515625 0.36406250000000007 0.9515625 0.43281250000000016 0.9625 0.43281250000000016
2 0.940625 0.3421875000000001 0.93125 0.3421875000000001 0.93125 0.40156250000000016 0.940625 0.40156250000000016
2 0.9390625 0.2953125000000001 0.9296875 0.2953125000000001 0.9296875 0.3500000000000001 0.9390625 0.3500000000000001
2 0.91875 0.2953125000000001 0.909375 0.2953125000000001 0.909375 0.3593750000000001 0.91875 0.3593750000000001
2 0.8453125 0.2562500000000001 0.8390625 0.2562500000000001 0.8390625 0.2921875000000001 0.8453125 0.2921875000000001