2 0.054687500000000056 0.4328125 0.039062500000000056 0.4328125 0.03906250000000006 0.51875 0.05468750000000007 0.51875
2 0.05156250000000007 0.5109375 0.03906250000000007 0.5109375 0.03906250000000007 0.5765625 0.05156250000000007 0.5765625
2 0.17656250000000004 0.396875 0.16093750000000004 0.396875 0.16093750000000004 0.46875 0.17656250000000004 0.46875
2 0.18125000000000005 0.3515625 0.17031250000000003 0.3515625 0.17031250000000003 0.3953125 0.18125000000000005 0.3953125
2 0.15000000000000005 0.35625 0.14062500000000006 0.35625 0.14062500000000006 0.3921875 0.15000000000000005 0.3921875
2 0.29375000000000007 0.3671875 0.2828125000000001 0.3671875 0.2828125000000001 0.4328125 0.29375000000000007 0.4328125
2 0.9171875 0.3296875000000001 0.909375 0.3296875000000001 0.909375 0.3921875000000001 0.9171875 0.3921875000000001
1 0.875 0.37968750000000007 0.8328125 0.37968750000000007 0.8328125 0.4593750000000002 0.875 0.4593750000000002
2 0.8796875 0.31718750000000007 0.871875 0.31718750000000007 0.871875 0.3750000000000001 0.8796875 0.3750000000000001
2 0.865625 0.3625000000000001 0.8546875 0.3625000000000001 0.8546875 0.37968750000000007 0.865625 0.37968750000000007
0 1 0.4031250000000002 0.909375 0.4031250000000002 0.909375 0.6578125000000001 1 0.6578125000000001
1 0.9125 0.41718750000000016 0.8640625 0.41718750000000016 0.8640625 0.5203125000000002 0.9125 0.5203125000000002
2 0.91875 0.3828125000000001 0.90625 0.3828125000000001 0.90625 0.4359375000000002 0.91875 0.4359375000000002
2 0.3546875 0.28125 0.35 0.28125 0.35 0.325 0.3546875 0.325
1 0.4 0.30000000000000004 0.3609375 0.3 0.3609375 0.34375000000000006 0.4 0.3437500000000001
2 0.365625 0.26875000000000004 0.359375 0.26875 0.359375 0.30625 0.365625 0.3062500000000001
2 0.2953125 0.2765625 0.2875 0.2765625 0.2875 0.315625 0.2953125 0.315625
2 0.29375 0.2640625 0.2875 0.2640625 0.2875 0.2875 0.29375 0.2875
0 0.4796875 0.2515625000000001 0.428125 0.2515625000000001 0.428125 0.3578125000000001 0.4796875 0.3578125000000001
2 0.43125 0.2218750000000001 0.4265625 0.2218750000000001 0.4265625 0.25468750000000007 0.43125 0.25468750000000007
2 0.4453125 0.21093750000000008 0.4390625 0.21093750000000008 0.4390625 0.2390625000000001 0.4453125 0.2390625000000001
2 0.4234375 0.2171875000000001 0.41875 0.2171875000000001 0.41875 0.24375000000000008 0.4234375 0.24375000000000008
2 0.4265625 0.2093750000000001 0.421875 0.2093750000000001 0.421875 0.23437500000000008 0.4265625 0.23437500000000008
2 0.4046875 0.22656250000000008 0.4 0.22656250000000008 0.4 0.2406250000000001 0.4046875 0.2406250000000001
2 0.409375 0.2015625000000001 0.4046875 0.2015625000000001 0.4046875 0.22656250000000008 0.409375 0.22656250000000008
0 0.8078125 0.4390625000000001 0.684375 0.4390625 0.6843750000000001 0.7718750000000001 0.8078125 0.7718750000000002
0 0.8359375 0.3546875000000001 0.7578125 0.3546875000000001 0.7578125 0.5796875000000001 0.8359375 0.5796875000000001
0 0.75625 0.2687500000000001 0.7046875 0.2687500000000001 0.7046875 0.3828125000000001 0.75625 0.3828125000000001
0 0.778125 0.23437500000000008 0.703125 0.23437500000000008 0.703125 0.3500000000000001 0.778125 0.3500000000000001
0 0.6921875 0.21093750000000008 0.6578125 0.21093750000000008 0.6578125 0.2812500000000001 0.6921875 0.2812500000000001
0 0.65625 0.1921875000000001 0.6265625 0.1921875000000001 0.6265625 0.24218750000000008 0.65625 0.24218750000000008
3 0.34843750000000007 0.359375 0.3046875 0.359375 0.30468750000000006 0.4203125 0.34843750000000007 0.4203125
3 0.55625 0.2468750000000001 0.534375 0.2468750000000001 0.534375 0.28593750000000007 0.55625 0.28593750000000007
1 0.5453125 0.22656250000000008 0.5265625 0.22656250000000008 0.5265625 0.24375000000000008 0.5453125 0.24375000000000008
3 0.5546875 0.21093750000000008 0.5375 0.21093750000000008 0.5375 0.2406250000000001 0.5546875 0.2406250000000001
1 0.678125 0.475 0.6328125 0.475 0.6328125 0.5953125 0.678125 0.5953125
1 0.98125 0.6203125000000002 0.8859375 0.6203125000000002 0.8859375 0.7593750000000001 0.98125 0.7593750000000001
1 1 0.7062500000000002 0.953125 0.7062500000000002 0.953125 0.9109375 1 0.9109375
1 0.5453125 0.3390625000000001 0.50625 0.3390625000000001 0.50625 0.403125 0.5453125 0.403125
1 0.653125 0.3125000000000001 0.6296875 0.3125000000000001 0.6296875 0.3750000000000001 0.653125 0.3750000000000001
1 0.75625 0.3578125000000001 0.73125 0.3578125000000001 0.73125 0.4265625000000002 0.75625 0.4265625000000002
1 0.825 0.3390625000000001 0.7921875 0.3390625000000001 0.7921875 0.3609375000000001 0.825 0.3609375000000001
1 0.7 0.2593750000000001 0.6734375 0.2593750000000001 0.6734375 0.2968750000000001 0.7 0.2968750000000001
1 0.6859375 0.19531250000000008 0.6625 0.19531250000000008 0.6625 0.21250000000000008 0.6859375 0.21250000000000008
1 0.621875 0.2453125000000001 0.6 0.2453125000000001 0.6 0.2796875000000001 0.621875 0.2796875000000001
1 0.6015625 0.2718750000000001 0.5734375 0.2718750000000001 0.5734375 0.30937500000000007 0.6015625 0.30937500000000007
1 0.53125 0.2593750000000001 0.5046875 0.2593750000000001 0.5046875 0.3000000000000001 0.53125 0.3000000000000001
1 0.5953125 0.2312500000000001 0.575 0.2312500000000001 0.575 0.2656250000000001 0.5953125 0.2656250000000001
1 0.5890625 0.2062500000000001 0.571875 0.2062500000000001 0.571875 0.2296875000000001 0.5890625 0.2296875000000001
1 0.6203125 0.1984375000000001 0.603125 0.1984375000000001 0.603125 0.2234375000000001 0.6203125 0.2234375000000001
1 0.5953125 0.2000000000000001 0.5828125 0.2000000000000001 0.5828125 0.2234375000000001 0.5953125 0.2234375000000001
1 0.5828125 0.1906250000000001 0.5671875 0.1906250000000001 0.5671875 0.2062500000000001 0.5828125 0.2062500000000001
1 0.5421875 0.24218750000000008 0.521875 0.24218750000000008 0.521875 0.26250000000000007 0.5421875 0.26250000000000007
1 0.5203125 0.20468750000000008 0.5046875 0.20468750000000008 0.5046875 0.2250000000000001 0.5203125 0.2250000000000001
1 0.54375 0.19375000000000003 0.5296875 0.19375000000000003 0.5296875 0.2171875000000001 0.54375 0.2171875000000001
1 0.5203125 0.19218750000000004 0.5078125 0.19218750000000004 0.5078125 0.2062500000000001 0.5203125 0.2062500000000001
1 0.39375 0.26250000000000007 0.375 0.26250000000000007 0.375 0.2984375000000001 0.39375 0.2984375000000001