1 0.2296875000000001 0.5078125 0.15312500000000004 0.5078125 0.15312500000000007 0.6515625 0.2296875000000001 0.6515625
1 0.11406250000000004 0.39375 0.04062500000000004 0.39375 0.04062500000000005 0.4828125 0.11406250000000004 0.4828125
1 0.06250000000000006 0.428125 5.2430191088496056e-17 0.428125 5.740531871003217e-17 0.509375 0.06250000000000007 0.509375
1 0.3375000000000001 0.8859375 0.1828125000000001 0.8859375 0.1828125000000001 1 0.3375000000000001 1
1 0.7078125000000002 0.890625 0.5796875000000001 0.890625 0.5796875000000001 1 0.7078125000000002 1
1 0.853125 0.7062500000000002 0.728125 0.7062500000000002 0.7281250000000001 0.9015625 0.853125 0.9015625
1 0.6625000000000001 0.640625 0.5765625 0.640625 0.5765625000000001 0.7859375 0.6625000000000002 0.7859375
1 0.653125 0.5203125 0.5859375 0.5203125 0.5859375 0.6296875 0.653125 0.6296875
3 0.7812500000000001 0.6000000000000001 0.6984375 0.6 0.6984375 0.7453125 0.7812500000000002 0.7453125000000002
1 0.7609375 0.5359375000000001 0.6921875 0.5359375 0.6921875 0.628125 0.7609375 0.6281250000000002
1 0.765625 0.48906250000000007 0.7046875 0.4890625 0.7046875 0.5859375000000001 0.765625 0.5859375000000002
1 0.8328125 0.4359375000000002 0.7328125 0.4359375000000002 0.7328125 0.5640625000000001 0.8328125 0.5640625000000001
1 0.46875 0.4953125 0.4 0.4953125 0.4 0.609375 0.46875 0.609375
1 0.5484375 0.525 0.4890625 0.525 0.4890625 0.646875 0.5484375 0.646875
3 0.40625 0.4359375 0.3500000000000001 0.4359375 0.3500000000000001 0.521875 0.40625 0.521875
3 0.3531250000000001 0.409375 0.30937500000000007 0.409375 0.30937500000000007 0.4796875 0.3531250000000001 0.4796875
3 0.5296875000000001 0.7125 0.4375 0.7125 0.4375000000000001 0.890625 0.5296875000000002 0.890625
3 0.9796875 0.7125000000000001 0.8578125 0.7125000000000001 0.8578125 0.9078125 0.9796875 0.9078125
3 0.871875 0.9328125 0.7375000000000002 0.9328125 0.7375000000000002 1 0.871875 1
1 0.6453125 0.44375 0.5921875 0.44375 0.5921875 0.521875 0.6453125 0.521875
3 0.6328125 0.38750000000000007 0.584375 0.38750000000000007 0.584375 0.4671875 0.6328125 0.4671875
1 0.5296875 0.2843750000000001 0.5 0.2843750000000001 0.5 0.3187500000000001 0.5296875 0.3187500000000001
3 0.5421875 0.2453125000000001 0.515625 0.2453125000000001 0.515625 0.2890625000000001 0.5421875 0.2890625000000001
1 0.51875 0.2093750000000001 0.503125 0.2093750000000001 0.503125 0.2312500000000001 0.51875 0.2312500000000001
3 0.534375 0.19062500000000004 0.5171875 0.19062500000000004 0.5171875 0.2156250000000001 0.534375 0.2156250000000001
3 0.928125 0.5250000000000001 0.8546875 0.5250000000000001 0.8546875 0.6390625000000002 0.928125 0.6390625000000002
1 0.5171875 0.4125 0.4625 0.4125 0.4625 0.5 0.5171875 0.5
1 0.5 0.34843750000000007 0.45625 0.34843750000000007 0.45625 0.4140625 0.5 0.4140625
1 0.4453125 0.28593750000000007 0.415625 0.28593750000000007 0.415625 0.3390625000000001 0.4453125 0.3390625000000001
1 0.4359375 0.27031250000000007 0.3984375 0.27031250000000007 0.3984375 0.30937500000000007 0.4359375 0.30937500000000007
2 0.35625 0.28125 0.3484375 0.28125 0.3484375 0.3328125 0.35625 0.3328125
2 0.36875 0.2671875 0.359375 0.2671875 0.359375 0.31562500000000004 0.36875 0.3156250000000001
1 0.396875 0.2609375000000001 0.371875 0.2609375000000001 0.371875 0.3046875000000001 0.396875 0.3046875000000001
1 0.46875 0.2093750000000001 0.440625 0.2093750000000001 0.440625 0.2406250000000001 0.46875 0.2406250000000001
1 0.5046875 0.22812500000000008 0.478125 0.22812500000000008 0.478125 0.2734375000000001 0.5046875 0.2734375000000001
1 0.553125 0.21875000000000008 0.5296875 0.21875000000000008 0.5296875 0.2468750000000001 0.553125 0.2468750000000001
1 0.559375 0.19843750000000007 0.54375 0.19843750000000004 0.54375 0.2218750000000001 0.559375 0.2218750000000001
1 0.5828125 0.2453125000000001 0.5515625 0.2453125000000001 0.5515625 0.2890625000000001 0.5828125 0.2890625000000001
1 0.58125 0.20468750000000008 0.5640625 0.20468750000000008 0.5640625 0.2328125000000001 0.58125 0.2328125000000001
1 0.596875 0.1921875000000001 0.5796875 0.1921875000000001 0.5796875 0.22031250000000008 0.596875 0.22031250000000008
1 0.621875 0.31718750000000007 0.5890625 0.31718750000000007 0.5890625 0.37968750000000007 0.621875 0.37968750000000007
1 0.625 0.27031250000000007 0.5953125 0.27031250000000007 0.5953125 0.33281250000000007 0.625 0.33281250000000007
1 0.61875 0.2500000000000001 0.5953125 0.2500000000000001 0.5953125 0.2812500000000001 0.61875 0.2812500000000001
1 0.646875 0.2406250000000001 0.6125 0.2406250000000001 0.6125 0.27812500000000007 0.646875 0.27812500000000007
1 0.58125 0.3671875000000001 0.540625 0.3671875000000001 0.540625 0.425 0.58125 0.425
1 0.5765625 0.3125000000000001 0.5390625 0.3125000000000001 0.5390625 0.3765625000000001 0.5765625 0.3765625000000001
1 0.71875 0.34843750000000007 0.6640625 0.34843750000000007 0.6640625 0.4421875 0.71875 0.4421875
1 0.715625 0.4234375 0.6640625 0.4234375 0.6640625 0.4953125 0.715625 0.4953125
1 0.96875 0.46093750000000017 0.903125 0.46093750000000017 0.903125 0.5781250000000002 0.96875 0.5781250000000002
1 1 0.5093750000000001 0.94375 0.5093750000000001 0.94375 0.6562500000000002 1 0.6562500000000002
1 0.9671875 0.5953125000000001 0.884375 0.5953125000000001 0.884375 0.7312500000000002 0.9671875 0.7312500000000002
1 1 0.6609375000000002 0.959375 0.6609375000000002 0.959375 0.8234375 1 0.8234375
1 0.83125 0.4109375000000002 0.771875 0.4109375000000002 0.771875 0.5093750000000001 0.83125 0.5093750000000001
1 0.76875 0.3578125000000001 0.7265625 0.3578125000000001 0.7265625 0.4234375000000002 0.76875 0.4234375000000002
1 0.778125 0.38750000000000007 0.7453125 0.38750000000000007 0.7453125 0.45312500000000017 0.778125 0.45312500000000017
1 0.803125 0.3734375000000001 0.7703125 0.3734375000000001 0.7703125 0.4421875000000002 0.803125 0.4421875000000002
1 0.81875 0.3218750000000001 0.7859375 0.3218750000000001 0.7859375 0.4078125000000002 0.81875 0.4078125000000002
1 0.7921875 0.2968750000000001 0.7609375 0.2968750000000001 0.7609375 0.3625000000000001 0.7921875 0.3625000000000001
0 0.7046875 0.27031250000000007 0.634375 0.27031250000000007 0.634375 0.4078125 0.7046875 0.4078125
0 0.7640625 0.2609375000000001 0.7 0.2609375000000001 0.7 0.3906250000000001 0.7640625 0.3906250000000001
0 0.93125 0.3234375000000001 0.815625 0.3234375000000001 0.815625 0.4984375000000002 0.93125 0.4984375000000002
0 0.73125 0.22656250000000008 0.675 0.22656250000000008 0.675 0.3187500000000001 0.73125 0.3187500000000001
0 0.7 0.2015625000000001 0.653125 0.2015625000000001 0.653125 0.2718750000000001 0.7 0.2718750000000001
2 0.11406250000000007 0.49375 0.09531250000000006 0.49375 0.09531250000000006 0.603125 0.1140625000000001 0.603125
2 0.18125000000000005 0.396875 0.16562500000000005 0.396875 0.16562500000000005 0.46875 0.18125000000000005 0.46875
2 0.18437500000000004 0.359375 0.16718750000000004 0.359375 0.16718750000000004 0.40625 0.18437500000000004 0.40625
2 0.12187500000000004 0.4046875 0.10781250000000005 0.4046875 0.10781250000000005 0.4453125 0.12187500000000004 0.4453125
2 0.14062500000000006 0.3890625 0.12500000000000006 0.3890625 0.12500000000000006 0.4578125 0.14062500000000006 0.4578125
2 0.10937500000000004 0.3875 0.09843750000000004 0.3875 0.09843750000000004 0.4171875 0.10937500000000004 0.4171875
2 0.20468750000000005 0.340625 0.19218750000000004 0.340625 0.19218750000000004 0.3984375 0.20468750000000008 0.3984375
2 0.22343750000000004 0.3296875 0.209375 0.3296875 0.20937500000000003 0.3953125 0.2234375000000001 0.3953125
2 0.21093750000000006 0.334375 0.19843750000000004 0.334375 0.19843750000000004 0.375 0.21093750000000008 0.375
2 0.05312500000000007 0.51875 0.03750000000000007 0.51875 0.037500000000000075 0.5921875 0.05312500000000007 0.5921875
2 0.3453125 0.328125 0.3296875 0.328125 0.3296875 0.3875 0.3453125000000001 0.3875
2 0.2953125 0.2765625 0.28125 0.2765625 0.28125 0.328125 0.2953125 0.328125
2 0.8984375 0.2812500000000001 0.8859375 0.2812500000000001 0.8859375 0.33281250000000007 0.8984375 0.33281250000000007
2 0.9171875 0.3125000000000001 0.90625 0.3125000000000001 0.90625 0.3531250000000001 0.9171875 0.3531250000000001
2 0.940625 0.30156250000000007 0.9328125 0.30156250000000007 0.9328125 0.3578125000000001 0.940625 0.3578125000000001
2 0.940625 0.35625000000000007 0.9296875 0.35625000000000007 0.9296875 0.4000000000000002 0.940625 0.4000000000000002
2 0.946875 0.3765625000000001 0.934375 0.3765625000000001 0.934375 0.4515625000000002 0.946875 0.4515625000000002
2 0.975 0.3890625000000001 0.95625 0.3890625000000001 0.95625 0.46406250000000016 0.975 0.46406250000000016