2 0.2093750000000001 0.39375 0.19531250000000006 0.39375 0.19531250000000006 0.4734375 0.2093750000000001 0.4734375
2 0.18125000000000005 0.3421875 0.17187500000000006 0.3421875 0.17187500000000006 0.390625 0.18125000000000005 0.390625
2 0.21718750000000003 0.3265625 0.2078125 0.3265625 0.20781250000000004 0.3875 0.2171875000000001 0.3875
2 0.359375 0.2734375 0.353125 0.2734375 0.353125 0.31875 0.359375 0.31875
2 0.3703125 0.25781250000000006 0.3625 0.2578125 0.3625 0.31093750000000003 0.3703125 0.3109375000000001
2 0.428125 0.20468750000000008 0.421875 0.20468750000000008 0.421875 0.2453125000000001 0.428125 0.2453125000000001
0 1 0.3781250000000001 0.878125 0.3781250000000001 0.878125 0.6125000000000002 1 0.6125000000000002
2 0.9515625 0.3109375000000001 0.9390625 0.3109375000000001 0.9390625 0.3734375000000001 0.9515625 0.3734375000000001
2 0.9609375 0.3125000000000001 0.9515625 0.3125000000000001 0.9515625 0.3703125000000001 0.9609375 0.3703125000000001
2 0.9765625 0.3109375000000001 0.9671875 0.3109375000000001 0.9671875 0.37187500000000007 0.9765625 0.37187500000000007
2 0.903125 0.2765625000000001 0.8921875 0.2765625000000001 0.8921875 0.3265625000000001 0.903125 0.3265625000000001
2 0.8515625 0.28593750000000007 0.84375 0.28593750000000007 0.84375 0.33281250000000007 0.8515625 0.33281250000000007
0 0.9984375 0.6484375000000002 0.8 0.6484375000000002 0.8 1 0.9984375 1
0 0.878125 0.3765625000000001 0.7796875 0.3765625000000001 0.7796875 0.6000000000000002 0.878125 0.6000000000000002
3 0.4953125 0.2687500000000001 0.4625 0.2687500000000001 0.4625 0.3125000000000001 0.4953125 0.3125000000000001
3 0.4921875 0.2015625000000001 0.475 0.2015625000000001 0.475 0.2296875000000001 0.4921875 0.2296875000000001
1 0.4 0.2562500000000001 0.378125 0.2562500000000001 0.378125 0.2984375000000001 0.4 0.2984375000000001
1 0.4421875 0.21093750000000008 0.4265625 0.21093750000000008 0.4265625 0.2500000000000001 0.4421875 0.2500000000000001
1 0.946875 0.5765625000000002 0.8578125 0.5765625000000002 0.8578125 0.6546875000000002 0.946875 0.6546875000000002
1 0.8796875 0.3625000000000001 0.825 0.3625000000000001 0.825 0.4312500000000002 0.8796875 0.4312500000000002
1 0.7796875 0.4156250000000002 0.759375 0.4156250000000002 0.759375 0.49218750000000017 0.7796875 0.49218750000000017
1 0.76875 0.3468750000000001 0.7265625 0.3468750000000001 0.7265625 0.4234375000000002 0.76875 0.4234375000000002
2 0.4140625 0.2078125000000001 0.409375 0.2078125000000001 0.409375 0.22656250000000008 0.4140625 0.22656250000000008
2 0.41875 0.19218750000000004 0.415625 0.19218750000000004 0.415625 0.2140625000000001 0.41875 0.2140625000000001