1 0.6390625 0.19531250000000008 0.625 0.19531250000000008 0.625 0.23593750000000008 0.6390625 0.23593750000000008
0 0.6703125 0.1921875000000001 0.64375 0.1921875000000001 0.64375 0.24375000000000008 0.6703125 0.24375000000000008
0 0.70625 0.2750000000000001 0.6375 0.2750000000000001 0.6375 0.4171875 0.70625 0.4171875
0 0.778125 0.2750000000000001 0.7078125 0.2750000000000001 0.7078125 0.4125000000000001 0.778125 0.4125000000000002
0 0.7359375 0.23593750000000008 0.6859375 0.23593750000000008 0.6859375 0.32500000000000007 0.7359375 0.32500000000000007
0 0.7046875 0.20468750000000008 0.6671875 0.20468750000000008 0.6671875 0.2843750000000001 0.7046875 0.2843750000000001
0 0.971875 0.3421875000000001 0.8421875 0.3421875000000001 0.8421875 0.5406250000000001 0.971875 0.5406250000000001
3 0.34375000000000006 0.3609375 0.3015625 0.3609375 0.30156250000000007 0.428125 0.3437500000000001 0.428125
3 0.471875 0.2765625000000001 0.4421875 0.2765625000000001 0.4421875 0.3234375000000001 0.471875 0.3234375000000001
3 0.4828125 0.4625 0.4265625 0.4625 0.4265625 0.553125 0.4828125 0.553125
3 0.3906250000000001 0.459375 0.32500000000000007 0.459375 0.32500000000000007 0.546875 0.3906250000000001 0.546875
3 0.56875 0.5375 0.5015625 0.5375 0.5015625 0.6578125 0.56875 0.6578125
3 0.7875000000000001 0.6140625000000001 0.7015625 0.6140625 0.7015625000000001 0.7625000000000001 0.7875000000000002 0.7625000000000002
3 0.9328125 0.5687500000000002 0.85625 0.5687500000000002 0.85625 0.7062500000000002 0.9328125 0.7062500000000002
3 0.596875 0.32500000000000007 0.5578125 0.32500000000000007 0.5578125 0.3781250000000001 0.596875 0.3781250000000001
3 0.5546875 0.3843750000000001 0.509375 0.3843750000000001 0.509375 0.45625 0.5546875 0.45625
1 0.525 0.2984375000000001 0.490625 0.2984375000000001 0.490625 0.3515625000000001 0.525 0.3515625000000001
1 0.528125 0.27031250000000007 0.4953125 0.27031250000000007 0.4953125 0.3140625000000001 0.528125 0.3140625000000001
1 0.5328125 0.2531250000000001 0.5078125 0.2531250000000001 0.5078125 0.2953125000000001 0.5328125 0.2953125000000001
1 0.546875 0.21875000000000008 0.5234375 0.21875000000000008 0.5234375 0.2562500000000001 0.546875 0.2562500000000001
3 0.5578125 0.2000000000000001 0.5375 0.2000000000000001 0.5375 0.2312500000000001 0.5578125 0.2312500000000001
1 0.4312500000000001 0.6265625 0.3421875000000001 0.6265625 0.3421875000000001 0.75625 0.4312500000000002 0.75625
2 0.15156250000000007 0.4625 0.13281250000000006 0.4625 0.13281250000000006 0.5609375 0.1515625000000001 0.5609375
2 0.056250000000000064 0.5203125 0.03750000000000007 0.5203125 0.03750000000000007 0.5875 0.056250000000000064 0.5875
2 0.09062500000000005 0.4515625 0.07500000000000004 0.4515625 0.07500000000000005 0.5421875 0.09062500000000007 0.5421875
2 0.17968750000000006 0.3953125 0.16718750000000004 0.3953125 0.16718750000000004 0.4640625 0.17968750000000006 0.4640625
2 0.17187500000000006 0.36875 0.16093750000000004 0.36875 0.16093750000000004 0.4 0.17187500000000006 0.4
2 0.21562500000000004 0.3421875 0.2046875 0.3421875 0.20468750000000005 0.3890625 0.2156250000000001 0.3890625
2 0.29375 0.3 0.284375 0.3 0.284375 0.3453125 0.29375 0.3453125
2 0.353125 0.309375 0.34375 0.309375 0.34375 0.3578125 0.353125 0.3578125
2 0.365625 0.26562500000000006 0.3578125 0.265625 0.3578125 0.31093750000000003 0.365625 0.3109375000000001
1 0.41875 0.2734375000000001 0.3890625 0.2734375000000001 0.3890625 0.3203125000000001 0.41875 0.3203125000000001
1 0.3921875 0.2640625000000001 0.375 0.2640625000000001 0.375 0.3031250000000001 0.3921875 0.3031250000000001
2 0.43125 0.21875000000000008 0.421875 0.21875000000000008 0.421875 0.2609375000000001 0.43125 0.2609375000000001
2 0.446875 0.2062500000000001 0.440625 0.2062500000000001 0.440625 0.2406250000000001 0.446875 0.2406250000000001
2 0.903125 0.3125000000000001 0.8953125 0.3125000000000001 0.8953125 0.34062500000000007 0.903125 0.34062500000000007
2 0.9234375 0.30937500000000007 0.9109375 0.30937500000000007 0.9109375 0.3500000000000001 0.9234375 0.3500000000000001
2 0.9609375 0.3609375000000001 0.9484375 0.3609375000000001 0.9484375 0.3968750000000001 0.9609375 0.3968750000000001
1 0.5687500000000002 0.746875 0.45625000000000016 0.746875 0.45625000000000016 0.95 0.5687500000000002 0.95
1 0.13437500000000005 0.3921875 0.028125000000000046 0.3921875 0.02812500000000005 0.4828125 0.13437500000000005 0.4828125
1 0.6734375000000001 0.6609375 0.584375 0.6609375 0.5843750000000001 0.803125 0.6734375000000001 0.803125
1 0.7218750000000002 0.9234375 0.6062500000000002 0.9234375 0.6062500000000002 1 0.7218750000000002 1
1 0.86875 0.7671875000000001 0.7484375000000002 0.7671875000000001 0.7484375000000002 0.9671875 0.86875 0.9671875
1 1 0.6796875000000002 0.9359375 0.6796875000000002 0.9359375 0.8484375 1 0.8484375
1 1 0.4968750000000002 0.9328125 0.4968750000000002 0.9328125 0.6328125000000002 1 0.6328125000000002
1 0.875 0.4671875000000002 0.775 0.4671875000000002 0.775 0.5875000000000001 0.875 0.5875000000000001
1 0.759375 0.534375 0.6953125 0.534375 0.6953125 0.6406250000000001 0.759375 0.6406250000000002
1 0.76875 0.4859375000000001 0.7078125 0.4859375 0.7078125 0.5875000000000001 0.76875 0.5875000000000001
1 0.725 0.4421875 0.671875 0.4421875 0.671875 0.521875 0.725 0.521875
1 0.7265625 0.3625000000000001 0.6734375 0.3625000000000001 0.6734375 0.4593750000000001 0.7265625 0.4593750000000002
1 0.7828125 0.37968750000000007 0.7390625 0.37968750000000007 0.7390625 0.44531250000000017 0.7828125 0.44531250000000017
1 0.790625 0.41406250000000017 0.7578125 0.41406250000000017 0.7578125 0.48750000000000016 0.790625 0.48750000000000016
1 0.840625 0.4343750000000002 0.7890625 0.4343750000000002 0.7890625 0.49218750000000017 0.840625 0.49218750000000017
1 0.809375 0.3921875000000001 0.78125 0.3921875000000001 0.78125 0.44843750000000016 0.809375 0.44843750000000016
1 0.8421875 0.3625000000000001 0.8109375 0.3625000000000001 0.8109375 0.44531250000000017 0.8421875 0.44531250000000017
1 0.81875 0.3187500000000001 0.7796875 0.3187500000000001 0.7796875 0.3890625000000001 0.81875 0.3890625000000001
1 0.65625 0.5125 0.596875 0.5125 0.596875 0.6078125 0.65625 0.6078125
1 0.6296875 0.4609375 0.575 0.4609375 0.575 0.5328125 0.6296875 0.5328125
1 0.628125 0.4046875 0.5765625 0.4046875 0.5765625 0.471875 0.628125 0.471875
1 0.6234375 0.3625000000000001 0.58125 0.3625000000000001 0.58125 0.421875 0.6234375 0.421875
1 0.484375 0.3765625000000001 0.4359375 0.3765625000000001 0.4359375 0.45625 0.484375 0.45625
1 0.5328125 0.3312500000000001 0.5015625 0.3312500000000001 0.5015625 0.3828125000000001 0.5328125 0.3828125000000001
1 0.621875 0.3078125000000001 0.5953125 0.3078125000000001 0.5953125 0.35625000000000007 0.621875 0.35625000000000007
1 0.6234375 0.2890625000000001 0.59375 0.2890625000000001 0.59375 0.3296875000000001 0.6234375 0.3296875000000001
1 0.6234375 0.2500000000000001 0.59375 0.2500000000000001 0.59375 0.3109375000000001 0.6234375 0.3109375000000001
1 0.615625 0.23593750000000008 0.596875 0.23593750000000008 0.596875 0.2562500000000001 0.615625 0.2562500000000001
1 0.5828125 0.27031250000000007 0.5546875 0.27031250000000007 0.5546875 0.3125000000000001 0.5828125 0.3125000000000001
1 0.58125 0.2328125000000001 0.553125 0.2328125000000001 0.553125 0.27031250000000007 0.58125 0.27031250000000007
1 0.5890625 0.1984375000000001 0.56875 0.1984375000000001 0.56875 0.2296875000000001 0.5890625 0.2296875000000001
1 0.4890625 0.23437500000000008 0.4671875 0.23437500000000008 0.4671875 0.2734375000000001 0.4890625 0.2734375000000001
1 0.5359375 0.19062500000000004 0.5203125 0.19062500000000004 0.5203125 0.2140625000000001 0.5359375 0.2140625000000001