2 0.05312500000000007 0.5078125 0.03750000000000007 0.5078125 0.03750000000000007 0.5828125 0.05312500000000007 0.5828125
2 0.16718750000000004 0.3921875 0.15312500000000004 0.3921875 0.15312500000000004 0.4671875 0.16718750000000004 0.4671875
2 0.14531250000000004 0.36875 0.13281250000000006 0.36875 0.13281250000000006 0.4078125 0.14531250000000004 0.4078125
2 0.19375000000000003 0.35 0.17656250000000004 0.35 0.17656250000000004 0.39375 0.19375000000000003 0.39375
2 0.28593750000000007 0.371875 0.2734375000000001 0.371875 0.2734375000000001 0.4375 0.28593750000000007 0.4375
2 0.3578125 0.28125 0.35 0.28125 0.35 0.3203125 0.3578125 0.3203125
2 0.3671875 0.26562500000000006 0.3578125 0.265625 0.3578125 0.30781250000000004 0.3671875 0.3078125000000001
2 0.290625 0.265625 0.2828125 0.265625 0.2828125 0.2875 0.290625 0.2875
1 0.4 0.2984375000000001 0.3640625 0.2984375000000001 0.3640625 0.3421875000000001 0.4 0.3421875000000001
2 0.3875 0.27812500000000007 0.378125 0.27812500000000007 0.378125 0.3031250000000001 0.3875 0.3031250000000001
2 0.425 0.21093750000000008 0.41875 0.21093750000000008 0.41875 0.24218750000000008 0.425 0.24218750000000008
2 0.43125 0.2234375000000001 0.425 0.2234375000000001 0.425 0.2562500000000001 0.43125 0.2562500000000001
2 0.4453125 0.2093750000000001 0.440625 0.2093750000000001 0.440625 0.2390625000000001 0.4453125 0.2390625000000001
3 0.8390625 0.3609375000000001 0.821875 0.3609375000000001 0.821875 0.3937500000000001 0.8390625 0.3937500000000001
1 0.8734375 0.3765625000000001 0.83125 0.3765625000000001 0.83125 0.46093750000000017 0.8734375 0.46093750000000017
2 0.8546875 0.3500000000000001 0.84375 0.3500000000000001 0.84375 0.37968750000000007 0.8546875 0.37968750000000007
2 0.8640625 0.3203125000000001 0.859375 0.3203125000000001 0.859375 0.36406250000000007 0.8640625 0.36406250000000007
2 0.8890625 0.3187500000000001 0.8796875 0.3187500000000001 0.8796875 0.3765625000000001 0.8890625 0.3765625000000001
2 0.91875 0.3390625000000001 0.9109375 0.3390625000000001 0.9109375 0.3937500000000001 0.91875 0.3937500000000001
2 0.91875 0.3000000000000001 0.9125 0.3000000000000001 0.9125 0.3390625000000001 0.91875 0.3390625000000001
2 0.9328125 0.2906250000000001 0.928125 0.2906250000000001 0.928125 0.3359375000000001 0.9328125 0.3359375000000001
3 0.35000000000000003 0.3609375 0.303125 0.3609375 0.30312500000000003 0.4234375 0.3500000000000001 0.4234375
3 0.559375 0.2562500000000001 0.534375 0.2562500000000001 0.534375 0.30156250000000007 0.559375 0.30156250000000007
1 0.5390625 0.2484375000000001 0.5203125 0.2484375000000001 0.5203125 0.27812500000000007 0.5390625 0.27812500000000007
1 0.54375 0.23437500000000008 0.525 0.23437500000000008 0.525 0.2578125000000001 0.54375 0.2578125000000001
3 0.553125 0.22031250000000008 0.534375 0.22031250000000008 0.534375 0.2484375000000001 0.553125 0.2484375000000001
3 0.5546875 0.2078125000000001 0.5375 0.2078125000000001 0.5375 0.23593750000000008 0.5546875 0.23593750000000008
1 0.51875 0.21093750000000008 0.5 0.21093750000000008 0.5 0.2375000000000001 0.51875 0.2375000000000001
3 0.5203125 0.19687500000000005 0.503125 0.19687500000000005 0.503125 0.22031250000000008 0.5203125 0.22031250000000008
3 0.534375 0.18750000000000006 0.51875 0.18750000000000006 0.51875 0.2093750000000001 0.534375 0.2093750000000001
1 0.590625 0.2140625000000001 0.5703125 0.2140625000000001 0.5703125 0.24375000000000008 0.590625 0.24375000000000008
3 0.5828125 0.1906250000000001 0.5671875 0.1906250000000001 0.5671875 0.21875000000000008 0.5828125 0.21875000000000008
1 0.9359375 0.8109375 0.7765625000000002 0.8109375 0.7765625000000002 1 0.9359375 1
1 0.5578125 0.3687500000000001 0.509375 0.3687500000000001 0.509375 0.4390625 0.5578125 0.4390625
1 0.5296875 0.27031250000000007 0.496875 0.27031250000000007 0.496875 0.3218750000000001 0.5296875 0.3218750000000001
1 0.6046875 0.28593750000000007 0.5765625 0.28593750000000007 0.5765625 0.3296875000000001 0.6046875 0.3296875000000001
1 0.6265625 0.2578125000000001 0.603125 0.2578125000000001 0.603125 0.2953125000000001 0.6265625 0.2953125000000001
1 0.5953125 0.2453125000000001 0.571875 0.2453125000000001 0.571875 0.27812500000000007 0.5953125 0.27812500000000007
1 0.5421875 0.2000000000000001 0.5265625 0.2000000000000001 0.5265625 0.2250000000000001 0.5421875 0.2250000000000001
1 0.5515625 0.18906250000000008 0.5390625 0.18906250000000005 0.5390625 0.2140625000000001 0.5515625 0.2140625000000001
1 0.5984375 0.20468750000000008 0.5796875 0.20468750000000008 0.5796875 0.23437500000000008 0.5984375 0.23437500000000008
1 0.6203125 0.2015625000000001 0.603125 0.2015625000000001 0.603125 0.22812500000000008 0.6203125 0.22812500000000008
1 0.60625 0.18906250000000008 0.590625 0.18906250000000008 0.590625 0.2062500000000001 0.60625 0.2062500000000001
1 0.6953125 0.2562500000000001 0.671875 0.2562500000000001 0.671875 0.29375000000000007 0.6953125 0.29375000000000007
0 0.6546875 0.1937500000000001 0.628125 0.1937500000000001 0.628125 0.2406250000000001 0.6546875 0.2406250000000001
0 0.4734375 0.2671875000000001 0.4140625 0.2671875000000001 0.4140625 0.3906250000000001 0.4734375 0.3906250000000001
0 0.7890625 0.4078125000000001 0.6796875 0.4078125 0.6796875 0.6968750000000001 0.7890625 0.6968750000000001
0 0.83125 0.3421875000000001 0.7546875 0.3421875000000001 0.7546875 0.5515625000000002 0.83125 0.5515625000000002
0 1 0.39531250000000007 0.8984375 0.39531250000000007 0.8984375 0.6437500000000002 1 0.6437500000000002
0 0.7703125 0.2296875000000001 0.6921875 0.2296875000000001 0.6921875 0.3578125000000001 0.7703125 0.3578125000000001
0 0.75625 0.2578125000000001 0.7 0.2578125000000001 0.7 0.3765625000000001 0.75625 0.3765625000000001
0 0.6875 0.20312500000000008 0.65625 0.20312500000000008 0.65625 0.2796875000000001 0.6875 0.2796875000000001
1 0.6796875 0.1906250000000001 0.65625 0.1906250000000001 0.65625 0.2250000000000001 0.6796875 0.2250000000000001
1 0.75625 0.34843750000000007 0.7234375 0.34843750000000007 0.7234375 0.4093750000000001 0.75625 0.40937500000000016
1 0.9015625 0.41406250000000017 0.853125 0.41406250000000017 0.853125 0.5140625000000002 0.9015625 0.5140625000000002
1 0.9671875 0.6078125000000002 0.871875 0.6078125000000002 0.871875 0.7359375000000001 0.9671875 0.7359375000000001
1 1 0.6781250000000002 0.94375 0.6781250000000002 0.94375 0.88125 1 0.88125
1 0.6578125 0.2906250000000001 0.634375 0.2906250000000001 0.634375 0.3625000000000001 0.6578125 0.3625000000000001
1 0.68125 0.43125 0.6625 0.43125 0.6625 0.528125 0.68125 0.528125
1 0.9921875 0.7796875000000002 0.896875 0.7796875000000002 0.896875 0.99375 0.9921875 0.99375