2 0.10781250000000006 0.509375 0.09375000000000007 0.509375 0.09375000000000007 0.615625 0.10781250000000009 0.615625
2 0.056250000000000064 0.5109375 0.042187500000000065 0.5109375 0.042187500000000065 0.5796875 0.056250000000000064 0.5796875
2 0.012500000000000058 0.465625 5.702261658529863e-17 0.465625 5.970153145843347e-17 0.509375 0.012500000000000061 0.509375
2 0.07812500000000006 0.4359375 0.07187500000000005 0.4359375 0.07187500000000005 0.5109375 0.07812500000000007 0.5109375
2 0.10781250000000005 0.4046875 0.09375000000000004 0.4046875 0.09375000000000006 0.4796875 0.10781250000000005 0.4796875
1 0.19218750000000007 0.4828125 0.11250000000000004 0.4828125 0.11250000000000007 0.58125 0.1921875000000001 0.58125
2 0.12187500000000004 0.4109375 0.10937500000000004 0.4109375 0.10937500000000004 0.4796875 0.12187500000000004 0.4796875
2 0.13906250000000003 0.390625 0.12500000000000006 0.390625 0.12500000000000006 0.4609375 0.13906250000000003 0.4609375
2 0.13125000000000003 0.371875 0.12187500000000004 0.371875 0.12187500000000004 0.428125 0.13125000000000003 0.428125
2 0.22812500000000008 0.3953125 0.2140625000000001 0.3953125 0.2140625000000001 0.4671875 0.22812500000000008 0.4671875
2 0.365625 0.26406250000000003 0.3578125 0.2640625 0.3578125 0.31250000000000006 0.365625 0.3125000000000001
2 0.3546875 0.2796875 0.35 0.2796875 0.35 0.296875 0.3546875 0.296875
1 0.3953125 0.2609375000000001 0.371875 0.2609375000000001 0.371875 0.3046875000000001 0.3953125 0.3046875000000001
2 0.4046875 0.2312500000000001 0.4 0.2312500000000001 0.4 0.2375000000000001 0.4046875 0.2375000000000001
2 0.415625 0.21875000000000008 0.409375 0.21875000000000008 0.409375 0.2531250000000001 0.415625 0.2531250000000001
2 0.4234375 0.2078125000000001 0.415625 0.2078125000000001 0.415625 0.24218750000000008 0.4234375 0.24218750000000008
2 0.434375 0.2218750000000001 0.4265625 0.2218750000000001 0.4265625 0.2562500000000001 0.434375 0.2562500000000001
2 0.4421875 0.2078125000000001 0.4375 0.2078125000000001 0.4375 0.2390625000000001 0.4421875 0.2390625000000001
2 0.9625 0.3109375000000001 0.953125 0.3109375000000001 0.953125 0.37187500000000007 0.9625 0.37187500000000007
2 0.9546875 0.37968750000000007 0.940625 0.37968750000000007 0.940625 0.44843750000000016 0.9546875 0.44843750000000016
2 0.9703125 0.36406250000000007 0.9625 0.36406250000000007 0.9625 0.43281250000000016 0.9703125 0.43281250000000016
2 0.8921875 0.2812500000000001 0.8875 0.2812500000000001 0.8875 0.3265625000000001 0.8921875 0.3265625000000001
2 0.903125 0.27812500000000007 0.89375 0.27812500000000007 0.89375 0.3281250000000001 0.903125 0.3281250000000001
3 0.3468750000000001 0.534375 0.27031250000000007 0.534375 0.27031250000000007 0.6390625 0.3468750000000001 0.6390625
3 0.7671875 0.5734375 0.690625 0.5734375 0.690625 0.6984375 0.7671875 0.6984375000000002
3 0.86875 0.928125 0.7453125000000002 0.928125 0.7453125000000002 1 0.86875 1
3 0.815625 0.4234375000000002 0.7671875 0.4234375000000002 0.7671875 0.5078125000000002 0.815625 0.5078125000000002
3 0.796875 0.3968750000000001 0.753125 0.3968750000000001 0.753125 0.4656250000000002 0.796875 0.4656250000000002
3 0.9359375 0.4437500000000002 0.871875 0.4437500000000002 0.871875 0.5328125000000001 0.9359375 0.5328125000000001
3 0.509375 0.3515625000000001 0.4703125 0.3515625000000001 0.4703125 0.415625 0.509375 0.415625
3 0.4515625 0.3281250000000001 0.409375 0.3281250000000001 0.409375 0.3859375000000001 0.4515625 0.3859375000000001
3 0.4984375 0.2406250000000001 0.4765625 0.2406250000000001 0.4765625 0.2750000000000001 0.4984375 0.2750000000000001
1 0.5421875 0.25468750000000007 0.5171875 0.25468750000000007 0.5171875 0.2875000000000001 0.5421875 0.2875000000000001
3 0.53125 0.2375000000000001 0.5109375 0.2375000000000001 0.5109375 0.2734375000000001 0.53125 0.2734375000000001
1 0.55625 0.21093750000000008 0.5375 0.21093750000000008 0.5375 0.2468750000000001 0.55625 0.2468750000000001
1 0.5453125 0.19843750000000007 0.528125 0.19843750000000004 0.528125 0.2296875000000001 0.5453125 0.2296875000000001
3 0.5515625 0.19062500000000007 0.5359375 0.19062500000000004 0.5359375 0.2062500000000001 0.5515625 0.2062500000000001
3 0.615625 0.2468750000000001 0.5890625 0.2468750000000001 0.5890625 0.2890625000000001 0.615625 0.2890625000000001
0 1 0.4515625000000002 0.9671875 0.4515625000000002 0.9671875 0.6718750000000002 1 0.6718750000000002
0 0.6796875 0.24375000000000008 0.625 0.24375000000000008 0.625 0.3515625000000001 0.6796875 0.3515625000000001
0 0.740625 0.23437500000000008 0.684375 0.23437500000000008 0.684375 0.3546875000000001 0.740625 0.3546875000000001
0 0.8 0.2468750000000001 0.7375 0.2468750000000001 0.7375 0.3531250000000001 0.8 0.3531250000000001
0 0.6984375 0.2062500000000001 0.6546875 0.2062500000000001 0.6546875 0.3046875000000001 0.6984375 0.3046875000000001
0 0.684375 0.1906250000000001 0.6546875 0.1906250000000001 0.6546875 0.2656250000000001 0.684375 0.2656250000000001
1 0.690625 0.6703125 0.5796875 0.6703125 0.5796875000000001 0.940625 0.6906250000000002 0.940625
1 0.4937500000000002 0.865625 0.4000000000000002 0.865625 0.4000000000000002 1 0.4937500000000002 1
1 0.3437500000000001 0.9078125 0.21250000000000008 0.9078125 0.21250000000000008 1 0.3437500000000001 1
1 0.04531250000000011 0.83125 1.0179876517912373e-16 0.83125 1.1213172254692953e-16 1 0.045312500000000124 1
1 0.24218750000000008 0.5359375 0.16406250000000006 0.5359375 0.16406250000000006 0.634375 0.24218750000000008 0.634375
1 0.3500000000000001 0.64375 0.2718750000000001 0.64375 0.2718750000000001 0.7765625 0.3500000000000001 0.7765625
1 0.51875 0.5390625 0.459375 0.5390625 0.459375 0.6390625 0.51875 0.6390625
1 0.5281250000000001 0.7046875 0.4390625 0.7046875 0.4390625000000001 0.865625 0.5281250000000002 0.865625
1 0.6671875 0.6171875 0.6 0.6171875 0.6 0.7 0.6671875 0.7
1 0.8328125 0.6921875000000001 0.721875 0.6921875 0.721875 0.865625 0.8328125 0.865625
1 0.975 0.5812500000000002 0.871875 0.5812500000000002 0.871875 0.7187500000000002 0.975 0.7187500000000002
1 1 0.6750000000000002 0.934375 0.6750000000000002 0.934375 0.8609375 1 0.8609375
1 0.90625 0.5015625000000001 0.8328125 0.5015625000000001 0.8328125 0.6093750000000002 0.90625 0.6093750000000002
1 0.85 0.4593750000000002 0.7984375 0.4593750000000002 0.7984375 0.5484375000000001 0.85 0.5484375000000001
1 0.75 0.5125000000000001 0.6875 0.5125 0.6875 0.6031250000000001 0.75 0.6031250000000001
1 0.6453125 0.5171875 0.584375 0.5171875 0.584375 0.621875 0.6453125 0.621875
1 0.5828125 0.45 0.53125 0.45 0.53125 0.5421875 0.5828125 0.5421875
1 0.496875 0.4171875 0.4484375 0.4171875 0.4484375 0.4953125 0.496875 0.4953125
1 0.628125 0.40625 0.5859375 0.40625 0.5859375 0.4765625 0.628125 0.4765625
1 0.6921875 0.3843750000000001 0.65625 0.3843750000000001 0.65625 0.4484375 0.6921875 0.4484375
1 0.740625 0.3906250000000001 0.684375 0.3906250000000001 0.684375 0.49687500000000007 0.740625 0.4968750000000002
1 0.7546875 0.4625000000000001 0.6921875 0.4625 0.6921875 0.5515625000000001 0.7546875 0.5515625000000002
1 0.8359375 0.3375000000000001 0.7921875 0.3375000000000001 0.7921875 0.4234375000000002 0.8359375 0.4234375000000002
1 0.8078125 0.31718750000000007 0.771875 0.31718750000000007 0.771875 0.37968750000000007 0.8078125 0.37968750000000007
1 0.7421875 0.34062500000000007 0.715625 0.34062500000000007 0.715625 0.4062500000000001 0.7421875 0.40625000000000017
1 0.7765625 0.3593750000000001 0.7375 0.3593750000000001 0.7375 0.4281250000000002 0.7765625 0.4281250000000002
1 0.765625 0.3265625000000001 0.740625 0.3265625000000001 0.740625 0.37187500000000007 0.765625 0.37187500000000007
1 0.7390625 0.3203125000000001 0.7046875 0.3203125000000001 0.7046875 0.37187500000000007 0.7390625 0.37187500000000007
1 0.69375 0.3062500000000001 0.653125 0.3062500000000001 0.653125 0.4 0.69375 0.4
1 0.6046875 0.34843750000000007 0.56875 0.34843750000000007 0.56875 0.4078125 0.6046875 0.4078125
3 0.4765625 0.2796875000000001 0.446875 0.2796875000000001 0.446875 0.3234375000000001 0.4765625 0.3234375000000001
1 0.428125 0.2656250000000001 0.396875 0.2656250000000001 0.396875 0.3062500000000001 0.428125 0.3062500000000001
1 0.5328125 0.2906250000000001 0.503125 0.2906250000000001 0.503125 0.3359375000000001 0.5328125 0.3359375000000001
1 0.5171875 0.3234375000000001 0.4828125 0.3234375000000001 0.4828125 0.37187500000000007 0.5171875 0.37187500000000007
1 0.56875 0.2984375000000001 0.54375 0.2984375000000001 0.54375 0.34843750000000007 0.56875 0.34843750000000007
1 0.5984375 0.3109375000000001 0.565625 0.3109375000000001 0.565625 0.3734375000000001 0.5984375 0.3734375000000001
1 0.6 0.28593750000000007 0.5734375 0.28593750000000007 0.5734375 0.3312500000000001 0.6 0.3312500000000001
1 0.5859375 0.2406250000000001 0.5625 0.2406250000000001 0.5625 0.2750000000000001 0.5859375 0.2750000000000001
1 0.503125 0.22031250000000008 0.484375 0.22031250000000008 0.484375 0.2484375000000001 0.503125 0.2484375000000001
1 0.5109375 0.2078125000000001 0.49375 0.2078125000000001 0.49375 0.2375000000000001 0.5109375 0.2375000000000001
0 0.4796875 0.18906250000000005 0.4546875 0.18906250000000005 0.4546875 0.22812500000000008 0.4796875 0.22812500000000008
1 0.5921875 0.20312500000000008 0.578125 0.20312500000000008 0.578125 0.23593750000000008 0.5921875 0.23593750000000008
1 0.6171875 0.2062500000000001 0.5984375 0.2062500000000001 0.5984375 0.2375000000000001 0.6171875 0.2375000000000001
1 0.5828125 0.1906250000000001 0.5671875 0.1906250000000001 0.5671875 0.2171875000000001 0.5828125 0.2171875000000001
1 0.6484375 0.1921875000000001 0.63125 0.1921875000000001 0.63125 0.21250000000000008 0.6484375 0.21250000000000008
2 0.15468750000000003 0.36875 0.14531250000000004 0.36875 0.14531250000000004 0.3953125 0.15468750000000003 0.3953125
2 0.16875000000000004 0.3671875 0.15781250000000005 0.3671875 0.15781250000000005 0.3953125 0.16875000000000004 0.3953125