0 0.6953125 0.35625000000000007 0.609375 0.35625000000000007 0.609375 0.603125 0.6953125 0.603125
0 0.7921875 0.3000000000000001 0.728125 0.3000000000000001 0.728125 0.4515625000000002 0.7921875 0.4515625000000002
0 0.8640625 0.3671875000000001 0.7765625 0.3671875000000001 0.7765625 0.6296875000000002 0.8640625 0.6296875000000002
0 0.9078125 0.3109375000000001 0.803125 0.3109375000000001 0.803125 0.46093750000000017 0.9078125 0.46093750000000017
3 0.9609375 0.5953125000000001 0.8703125 0.5953125000000001 0.8703125 0.7437500000000001 0.9609375 0.7437500000000001
3 0.3453125 0.353125 0.30625 0.353125 0.30625 0.421875 0.3453125000000001 0.421875
3 0.4921875 0.19687500000000005 0.471875 0.19687500000000005 0.471875 0.2250000000000001 0.4921875 0.2250000000000001
1 0.6734375 0.24218750000000008 0.6265625 0.24218750000000008 0.6265625 0.27812500000000007 0.6734375 0.27812500000000007
1 0.659375 0.1859375000000001 0.6171875 0.1859375000000001 0.6171875 0.2078125000000001 0.659375 0.2078125000000001
1 0.6984375 0.1828125000000001 0.6796875 0.1828125000000001 0.6796875 0.2078125000000001 0.6984375 0.2078125000000001
1 0.728125 0.2984375000000001 0.703125 0.2984375000000001 0.703125 0.3578125000000001 0.728125 0.3578125000000001
1 0.73125 0.2875000000000001 0.7109375 0.2875000000000001 0.7109375 0.3000000000000001 0.73125 0.3000000000000001
1 0.803125 0.2921875000000001 0.7640625 0.2921875000000001 0.7640625 0.3609375000000001 0.803125 0.3609375000000001
1 0.78125 0.4156250000000002 0.765625 0.4156250000000002 0.765625 0.4890625000000002 0.78125 0.4890625000000002
1 0.95625 0.44843750000000016 0.8875 0.44843750000000016 0.8875 0.5468750000000002 0.95625 0.5468750000000002
1 1 0.5093750000000001 0.9375 0.5093750000000001 0.9375 0.6390625000000002 1 0.6390625000000002
1 1 0.6640625000000002 0.93125 0.6640625000000002 0.93125 0.8375 1 0.8375
2 0.2093750000000001 0.390625 0.19531250000000006 0.390625 0.19531250000000006 0.4671875 0.2093750000000001 0.4671875
2 0.18125000000000005 0.346875 0.17031250000000003 0.346875 0.17031250000000003 0.384375 0.18125000000000005 0.384375
2 0.20156250000000003 0.328125 0.19375000000000003 0.328125 0.19375000000000003 0.3671875 0.2015625000000001 0.3671875
2 0.3578125 0.2703125 0.3515625 0.2703125 0.3515625 0.3171875 0.3578125 0.3171875
2 0.3671875 0.25625000000000003 0.3609375 0.25625 0.3609375 0.30468750000000006 0.3671875 0.3046875000000001
2 0.4125 0.2312500000000001 0.40625 0.2312500000000001 0.40625 0.27031250000000007 0.4125 0.27031250000000007
2 0.425 0.2234375000000001 0.4203125 0.2234375000000001 0.4203125 0.2562500000000001 0.425 0.2562500000000001
2 0.4078125 0.2171875000000001 0.403125 0.2171875000000001 0.403125 0.2296875000000001 0.4078125 0.2296875000000001
2 0.465625 0.2000000000000001 0.459375 0.2000000000000001 0.459375 0.2296875000000001 0.465625 0.2296875000000001
2 0.9203125 0.2765625000000001 0.9125 0.2765625000000001 0.9125 0.33281250000000007 0.9203125 0.33281250000000007
2 0.14375000000000004 0.33125 0.13593750000000004 0.33125 0.13593750000000004 0.3859375 0.14375000000000004 0.3859375
2 0.41875 0.17812500000000003 0.4140625 0.17812500000000003 0.4140625 0.20312500000000008 0.41875 0.20312500000000008