0 1 0.7125000000000001 0.778125 0.7125000000000001 0.7781250000000001 1 1 1
0 1 0.4734375000000002 0.9734375 0.4734375000000002 0.9734375 0.6671875000000002 1 0.6671875000000002
0 0.721875 0.4046875 0.625 0.4046875 0.625 0.690625 0.721875 0.690625
0 0.70625 0.2312500000000001 0.66875 0.2312500000000001 0.66875 0.3234375000000001 0.70625 0.3234375000000001
0 0.790625 0.2671875000000001 0.734375 0.2671875000000001 0.734375 0.4187500000000002 0.790625 0.4187500000000002
0 0.803125 0.2484375000000001 0.740625 0.2484375000000001 0.740625 0.3546875000000001 0.803125 0.3546875000000001
0 0.6453125 0.2140625000000001 0.6078125 0.2140625000000001 0.6078125 0.2984375000000001 0.6453125 0.2984375000000001
2 0.965625 0.3125000000000001 0.953125 0.3125000000000001 0.953125 0.37187500000000007 0.965625 0.37187500000000007
2 0.9234375 0.3781250000000001 0.9078125 0.3781250000000001 0.9078125 0.4125000000000002 0.9234375 0.4125000000000002
2 0.19687500000000005 0.353125 0.18750000000000006 0.353125 0.18750000000000006 0.3890625 0.19687500000000005 0.3890625
2 0.20625000000000004 0.3484375 0.19531250000000006 0.3484375 0.19531250000000006 0.39375 0.2062500000000001 0.39375
2 0.2015625000000001 0.3984375 0.18750000000000006 0.3984375 0.18750000000000006 0.471875 0.2015625000000001 0.471875
2 0.35625 0.275 0.35 0.275 0.35 0.3265625 0.35625 0.3265625
2 0.3671875 0.26406250000000003 0.359375 0.2640625 0.359375 0.30781250000000004 0.3671875 0.3078125000000001
2 0.43125 0.2218750000000001 0.4265625 0.2218750000000001 0.4265625 0.2500000000000001 0.43125 0.2500000000000001
2 0.446875 0.21093750000000008 0.440625 0.21093750000000008 0.440625 0.23593750000000008 0.446875 0.23593750000000008
2 0.40625 0.22656250000000008 0.4015625 0.22656250000000008 0.4015625 0.2390625000000001 0.40625 0.2390625000000001
2 0.4203125 0.21093750000000008 0.415625 0.21093750000000008 0.415625 0.24218750000000008 0.4203125 0.24218750000000008
2 0.05156250000000007 0.5046875 0.03906250000000007 0.5046875 0.03906250000000007 0.5703125 0.05156250000000007 0.5703125
2 0.08593750000000006 0.40625 0.07500000000000004 0.40625 0.07500000000000005 0.4796875 0.08593750000000007 0.4796875
2 0.12656250000000005 0.38125 0.11562500000000005 0.38125 0.11562500000000005 0.45625 0.12656250000000005 0.45625
3 0.35156250000000006 0.3578125 0.30625 0.3578125 0.30625 0.41875 0.3515625000000001 0.41875
3 0.8546875 0.4500000000000002 0.7953125 0.4500000000000002 0.7953125 0.5406250000000001 0.8546875 0.5406250000000001
1 1 0.6593750000000002 0.9109375 0.6593750000000002 0.9109375 0.8140625 1 0.8140625
1 0.93125 0.5421875000000002 0.85 0.5421875000000002 0.85 0.6671875000000002 0.93125 0.6671875000000002
1 0.9734375 0.47656250000000017 0.90625 0.47656250000000017 0.90625 0.5781250000000002 0.9734375 0.5781250000000002
1 0.9234375 0.42187500000000017 0.8578125 0.42187500000000017 0.8578125 0.5140625000000002 0.9234375 0.5140625000000002
1 0.8734375 0.3781250000000001 0.821875 0.3781250000000001 0.821875 0.4468750000000002 0.8734375 0.4468750000000002
1 0.4171875 0.3031250000000001 0.3671875 0.3031250000000001 0.3671875 0.3437500000000001 0.4171875 0.3437500000000001
1 0.4546875 0.2875000000000001 0.434375 0.2875000000000001 0.434375 0.33281250000000007 0.4546875 0.33281250000000007
1 0.396875 0.2609375000000001 0.3765625 0.2609375000000001 0.3765625 0.2984375000000001 0.396875 0.2984375000000001
0 0.484375 0.18281250000000004 0.4578125 0.18281250000000004 0.4578125 0.2375000000000001 0.484375 0.2375000000000001
1 0.5375 0.22031250000000008 0.5171875 0.22031250000000008 0.5171875 0.2500000000000001 0.5375 0.2500000000000001
1 0.553125 0.19843750000000007 0.5359375 0.19843750000000004 0.5359375 0.2234375000000001 0.553125 0.2234375000000001
1 0.584375 0.1921875000000001 0.5703125 0.1921875000000001 0.5703125 0.21250000000000008 0.584375 0.21250000000000008
1 0.609375 0.1906250000000001 0.596875 0.1906250000000001 0.596875 0.20468750000000008 0.609375 0.20468750000000008
1 0.5578125 0.19375000000000006 0.54375 0.19375000000000003 0.54375 0.2171875000000001 0.5578125 0.2171875000000001
1 0.690625 0.1921875000000001 0.671875 0.1921875000000001 0.671875 0.21093750000000008 0.690625 0.21093750000000008
1 0.7328125 0.23437500000000008 0.70625 0.23437500000000008 0.70625 0.2921875000000001 0.7328125 0.2921875000000001
1 0.6703125 0.2390625000000001 0.665625 0.2390625000000001 0.665625 0.2750000000000001 0.6703125 0.2750000000000001
1 0.7359375 0.3062500000000001 0.6984375 0.3062500000000001 0.6984375 0.35625000000000007 0.7359375 0.35625000000000007