1 0.4218750000000001 0.68125 0.3156250000000001 0.68125 0.3156250000000001 0.8453125 0.42187500000000017 0.8453125
3 0.2296875000000001 0.7109375 0.08750000000000009 0.7109375 0.0875000000000001 0.9015625 0.2296875000000001 0.9015625
3 0.6640625 0.559375 0.590625 0.559375 0.590625 0.6828125 0.6640625 0.6828125
3 0.7828125000000001 0.6000000000000001 0.6921875 0.6 0.6921875000000001 0.7437500000000001 0.7828125000000001 0.7437500000000001
3 0.8640625 0.4937500000000002 0.8015625 0.4937500000000002 0.8015625 0.5984375000000002 0.8640625 0.5984375000000002
3 0.875 0.9421875 0.7468750000000002 0.9421875 0.7468750000000002 1 0.875 1
3 0.8375 0.4312500000000002 0.7703125 0.4312500000000002 0.7703125 0.5156250000000002 0.8375 0.5156250000000002
3 0.5453125 0.3140625000000001 0.503125 0.3140625000000001 0.503125 0.3906250000000001 0.5453125 0.3906250000000001
3 0.5109375 0.22031250000000008 0.4875 0.22031250000000008 0.4875 0.2562500000000001 0.5109375 0.2562500000000001
3 0.5265625 0.18906250000000005 0.509375 0.18906250000000005 0.509375 0.21875000000000008 0.5265625 0.21875000000000008
0 0.703125 0.2687500000000001 0.6359375 0.2687500000000001 0.6359375 0.4078125 0.703125 0.4078125
0 0.759375 0.25468750000000007 0.696875 0.25468750000000007 0.696875 0.3781250000000001 0.759375 0.3781250000000001
0 0.696875 0.19531250000000008 0.6609375 0.19531250000000008 0.6609375 0.2796875000000001 0.696875 0.2796875000000001
0 0.7203125 0.21875000000000008 0.671875 0.21875000000000008 0.671875 0.3062500000000001 0.7203125 0.3062500000000001
0 0.86875 0.2734375000000001 0.7828125 0.2734375000000001 0.7828125 0.4312500000000002 0.86875 0.4312500000000002
2 0.7546875 0.2234375000000001 0.7484375 0.2234375000000001 0.7484375 0.2609375000000001 0.7546875 0.2609375000000001
2 0.8984375 0.3078125000000001 0.8875 0.3078125000000001 0.8875 0.3703125000000001 0.8984375 0.3703125000000001
2 0.91875 0.3078125000000001 0.909375 0.3078125000000001 0.909375 0.3703125000000001 0.91875 0.3703125000000001
2 0.9421875 0.3312500000000001 0.9296875 0.3312500000000001 0.9296875 0.3906250000000001 0.9421875 0.3906250000000001
2 0.9734375 0.3203125000000001 0.9609375 0.3203125000000001 0.9609375 0.3703125000000001 0.9734375 0.3703125000000001
2 0.9625 0.3750000000000001 0.95 0.3750000000000001 0.95 0.4437500000000002 0.9625 0.4437500000000002
2 0.9484375 0.3781250000000001 0.9359375 0.3781250000000001 0.9359375 0.4468750000000002 0.9484375 0.4468750000000002
2 0.95 0.3453125000000001 0.9375 0.3453125000000001 0.9375 0.3906250000000001 0.95 0.3906250000000001
2 0.11250000000000007 0.4859375 0.09218750000000006 0.4859375 0.09218750000000006 0.596875 0.11250000000000009 0.596875
2 0.12343750000000005 0.415625 0.10468750000000004 0.415625 0.10468750000000004 0.4984375 0.12343750000000005 0.4984375
2 0.17968750000000006 0.3859375 0.16250000000000003 0.3859375 0.16250000000000003 0.4625 0.17968750000000006 0.4625
2 0.22187500000000004 0.3203125 0.2078125 0.3203125 0.20781250000000004 0.384375 0.2218750000000001 0.384375
2 0.3296875 0.3390625 0.309375 0.3390625 0.30937500000000007 0.4046875 0.3296875000000001 0.4046875
2 0.04218750000000006 0.46875 0.031250000000000056 0.46875 0.03125000000000006 0.5421875 0.042187500000000065 0.5421875
1 0.2140625000000001 0.45625 0.14218750000000005 0.45625 0.14218750000000008 0.553125 0.2140625000000001 0.553125
1 0.22031250000000008 0.55 0.1437500000000001 0.55 0.1437500000000001 0.675 0.22031250000000008 0.675
1 0.5671875 0.5296875 0.4859375 0.5296875 0.4859375 0.65 0.5671875 0.65
1 0.5406250000000001 0.7859375 0.42500000000000016 0.7859375 0.42500000000000016 1 0.5406250000000001 1
1 0.7328125000000002 0.9234375 0.6000000000000002 0.9234375 0.6000000000000002 1 0.7328125000000002 1
1 0.6953125000000001 0.696875 0.584375 0.696875 0.5843750000000001 0.8703125 0.6953125000000002 0.8703125
1 0.8515625 0.7109375000000001 0.7171875 0.7109375 0.7171875000000001 0.8828125 0.8515625 0.8828125
1 1 0.6187500000000001 0.9265625 0.6187500000000001 0.9265625 0.7906250000000001 1 0.7906250000000001
1 0.940625 0.5515625000000002 0.8640625 0.5515625000000002 0.8640625 0.6828125000000002 0.940625 0.6828125000000002
1 0.9859375 0.4625000000000002 0.896875 0.4625000000000002 0.896875 0.5843750000000002 0.9859375 0.5843750000000002
1 0.9296875 0.4078125000000002 0.853125 0.4078125000000002 0.853125 0.5203125000000002 0.9296875 0.5203125000000002
1 0.784375 0.4203125000000001 0.703125 0.4203125 0.703125 0.5312500000000001 0.784375 0.5312500000000002
1 0.7609375 0.5375000000000001 0.6828125 0.5375 0.6828125 0.6234375000000001 0.7609375 0.6234375000000002
1 0.765625 0.4828125000000001 0.7 0.4828125 0.7 0.5734375 0.765625 0.5734375000000002
1 0.7140625 0.3968750000000001 0.6578125 0.3968750000000001 0.6578125 0.49375 0.7140625 0.49375
1 0.640625 0.403125 0.5921875 0.403125 0.5921875 0.4859375 0.640625 0.4859375
1 0.5921875 0.440625 0.5296875 0.440625 0.5296875 0.5625 0.5921875 0.5625
1 0.4859375 0.4015625 0.4203125 0.4015625 0.4203125 0.4828125 0.4859375 0.4828125
1 0.459375 0.3078125000000001 0.4125 0.3078125000000001 0.4125 0.3859375000000001 0.459375 0.3859375000000001
1 0.37968750000000007 0.3296875 0.3390625 0.3296875 0.33906250000000004 0.4125 0.37968750000000007 0.4125
1 0.396875 0.2578125000000001 0.3734375 0.2578125000000001 0.3734375 0.30156250000000007 0.396875 0.30156250000000007
1 0.4265625 0.2593750000000001 0.3984375 0.2593750000000001 0.3984375 0.3000000000000001 0.4265625 0.3000000000000001
1 0.478125 0.2296875000000001 0.4546875 0.2296875000000001 0.4546875 0.2671875000000001 0.478125 0.2671875000000001
1 0.4984375 0.2484375000000001 0.471875 0.2484375000000001 0.471875 0.2890625000000001 0.4984375 0.2890625000000001
3 0.546875 0.21093750000000008 0.5265625 0.21093750000000008 0.5265625 0.2453125000000001 0.546875 0.2453125000000001
1 0.5125 0.3046875000000001 0.490625 0.3046875000000001 0.490625 0.3625000000000001 0.5125 0.3625000000000001
1 0.53125 0.2796875000000001 0.5015625 0.2796875000000001 0.5015625 0.3218750000000001 0.53125 0.3218750000000001
1 0.575 0.28593750000000007 0.5421875 0.28593750000000007 0.5421875 0.3500000000000001 0.575 0.3500000000000001
1 0.634375 0.3578125000000001 0.5890625 0.3578125000000001 0.5890625 0.4140625 0.634375 0.4140625
1 0.625 0.2968750000000001 0.5875 0.2968750000000001 0.5875 0.3687500000000001 0.625 0.3687500000000001
1 0.6125 0.2718750000000001 0.5875 0.2718750000000001 0.5875 0.3140625000000001 0.6125 0.3140625000000001
1 0.6234375 0.2593750000000001 0.60625 0.2593750000000001 0.60625 0.3031250000000001 0.6234375 0.3031250000000001
1 0.65625 0.23593750000000008 0.621875 0.23593750000000008 0.621875 0.2734375000000001 0.65625 0.2734375000000001
1 0.5875 0.2531250000000001 0.559375 0.2531250000000001 0.559375 0.2968750000000001 0.5875 0.2968750000000001
1 0.6171875 0.2453125000000001 0.584375 0.2453125000000001 0.584375 0.2812500000000001 0.6171875 0.2812500000000001
1 0.5671875 0.2296875000000001 0.546875 0.2296875000000001 0.546875 0.2593750000000001 0.5671875 0.2593750000000001
1 0.590625 0.1937500000000001 0.56875 0.1937500000000001 0.56875 0.24375000000000008 0.590625 0.24375000000000008
1 0.55625 0.19218750000000007 0.5375 0.19218750000000004 0.5375 0.21250000000000008 0.55625 0.21250000000000008
0 0.6546875 0.18906250000000008 0.6265625 0.18906250000000008 0.6265625 0.21875000000000008 0.6546875 0.21875000000000008
2 0.19375000000000003 0.3578125 0.18125000000000005 0.3578125 0.18125000000000005 0.3953125 0.19375000000000003 0.3953125
2 0.17656250000000004 0.359375 0.16562500000000005 0.359375 0.16562500000000005 0.3953125 0.17656250000000004 0.3953125
2 0.17968750000000006 0.3546875 0.17187500000000006 0.3546875 0.17187500000000006 0.3890625 0.17968750000000006 0.3890625
2 0.056250000000000064 0.5171875 0.040625000000000064 0.5171875 0.040625000000000064 0.58125 0.056250000000000064 0.58125