1 0.9953125 0.6343750000000001 0.89375 0.6343750000000001 0.89375 0.7875000000000002 0.9953125 0.7875000000000002
1 1 0.7125000000000001 0.95625 0.7125000000000001 0.95625 0.9265625 1 0.9265625
1 0.64375 0.5484375 0.58125 0.5484375 0.58125 0.69375 0.64375 0.69375
0 0.821875 0.4765625000000001 0.678125 0.4765625 0.6781250000000001 0.8890625 0.821875 0.8890625
0 0.84375 0.3671875000000001 0.759375 0.3671875000000001 0.759375 0.6093750000000002 0.84375 0.6093750000000002
0 1 0.4125000000000002 0.915625 0.4125000000000002 0.915625 0.6734375000000001 1 0.6734375000000001
0 0.7515625 0.2656250000000001 0.7015625 0.2656250000000001 0.7015625 0.4015625000000001 0.7515625 0.40156250000000016
0 0.4828125 0.2328125000000001 0.4359375 0.2328125000000001 0.4359375 0.32500000000000007 0.4828125 0.32500000000000007
0 0.6921875 0.2062500000000001 0.6578125 0.2062500000000001 0.6578125 0.2843750000000001 0.6921875 0.2843750000000001
0 0.653125 0.1906250000000001 0.6234375 0.1906250000000001 0.6234375 0.24375000000000008 0.653125 0.24375000000000008
0 0.7859375 0.22812500000000008 0.7109375 0.22812500000000008 0.7109375 0.3531250000000001 0.7859375 0.3531250000000001
1 0.5328125 0.2484375000000001 0.5109375 0.2484375000000001 0.5109375 0.28593750000000007 0.5328125 0.28593750000000007
3 0.5578125 0.2328125000000001 0.534375 0.2328125000000001 0.534375 0.27812500000000007 0.5578125 0.27812500000000007
3 0.5609375 0.20312500000000008 0.5421875 0.20312500000000008 0.5421875 0.2312500000000001 0.5609375 0.2312500000000001
3 0.553125 0.19843750000000007 0.540625 0.19843750000000004 0.540625 0.21875000000000008 0.553125 0.21875000000000008
3 0.35156250000000006 0.359375 0.303125 0.359375 0.30312500000000003 0.41875 0.3515625000000001 0.41875
1 0.921875 0.4281250000000002 0.8640625 0.4281250000000002 0.8640625 0.5343750000000002 0.921875 0.5343750000000002
2 0.91875 0.3781250000000001 0.90625 0.3781250000000001 0.90625 0.4156250000000002 0.91875 0.4156250000000002
1 0.878125 0.37968750000000007 0.8328125 0.37968750000000007 0.8328125 0.4500000000000002 0.878125 0.4500000000000002
2 0.875 0.3734375000000001 0.8671875 0.3734375000000001 0.8671875 0.3968750000000001 0.875 0.3968750000000001
2 0.8734375 0.3125000000000001 0.8625 0.3125000000000001 0.8625 0.3687500000000001 0.8734375 0.3687500000000001
2 0.915625 0.3218750000000001 0.9078125 0.3218750000000001 0.9078125 0.3812500000000001 0.915625 0.3812500000000001
2 0.05156250000000007 0.5078125 0.034375000000000065 0.5078125 0.034375000000000065 0.578125 0.05156250000000007 0.578125
2 0.06562500000000006 0.4203125 0.05312500000000005 0.4203125 0.053125000000000054 0.496875 0.06562500000000007 0.496875
2 0.15625000000000006 0.3546875 0.14375000000000004 0.3546875 0.14375000000000004 0.3921875 0.15625000000000006 0.3921875
2 0.17031250000000003 0.3578125 0.15781250000000005 0.3578125 0.15781250000000005 0.3953125 0.17031250000000003 0.3953125
2 0.18593750000000003 0.390625 0.17031250000000003 0.390625 0.17031250000000003 0.471875 0.18593750000000003 0.471875
2 0.2812500000000001 0.3671875 0.27031250000000007 0.3671875 0.27031250000000007 0.43125 0.2812500000000001 0.43125
2 0.3578125 0.278125 0.35 0.278125 0.35 0.3203125 0.3578125 0.3203125
1 0.3953125 0.30312500000000003 0.3609375 0.303125 0.3609375 0.3453125 0.3953125 0.3453125000000001
2 0.36875 0.26562500000000006 0.359375 0.265625 0.359375 0.30625 0.36875 0.3062500000000001
1 0.3921875 0.26250000000000007 0.3765625 0.26250000000000007 0.3765625 0.2968750000000001 0.3921875 0.2968750000000001
2 0.3984375 0.2656250000000001 0.390625 0.2656250000000001 0.390625 0.3062500000000001 0.3984375 0.3062500000000001
2 0.4109375 0.19531250000000006 0.403125 0.19531250000000006 0.403125 0.2234375000000001 0.4109375 0.2234375000000001
2 0.421875 0.2078125000000001 0.4140625 0.2078125000000001 0.4140625 0.2484375000000001 0.421875 0.2484375000000001
2 0.4328125 0.22031250000000008 0.428125 0.22031250000000008 0.428125 0.2562500000000001 0.4328125 0.2562500000000001
2 0.4453125 0.2062500000000001 0.4375 0.2062500000000001 0.4375 0.23437500000000008 0.4453125 0.23437500000000008
1 0.7578125 0.3765625000000001 0.7421875 0.3765625000000001 0.7421875 0.44062500000000016 0.7578125 0.44062500000000016
1 0.828125 0.33281250000000007 0.7875 0.33281250000000007 0.7875 0.3687500000000001 0.828125 0.3687500000000001
3 0.8359375 0.3578125000000001 0.80625 0.3578125000000001 0.80625 0.3812500000000001 0.8359375 0.3812500000000001
1 0.703125 0.26250000000000007 0.6765625 0.26250000000000007 0.6765625 0.3000000000000001 0.703125 0.3000000000000001
1 0.6484375 0.3265625000000001 0.6203125 0.3265625000000001 0.6203125 0.38750000000000007 0.6484375 0.38750000000000007
1 0.5375 0.3203125000000001 0.5046875 0.3203125000000001 0.5046875 0.3687500000000001 0.5375 0.3687500000000001
1 0.596875 0.25468750000000007 0.5734375 0.25468750000000007 0.5734375 0.2890625000000001 0.596875 0.2890625000000001
1 0.6171875 0.23437500000000008 0.596875 0.23437500000000008 0.596875 0.2656250000000001 0.6171875 0.2656250000000001
1 0.59375 0.2250000000000001 0.5734375 0.2250000000000001 0.5734375 0.2484375000000001 0.59375 0.2484375000000001
1 0.5234375 0.2000000000000001 0.50625 0.2000000000000001 0.50625 0.22031250000000008 0.5234375 0.22031250000000008
1 0.5234375 0.18906250000000005 0.5078125 0.18906250000000005 0.5078125 0.19843750000000004 0.5234375 0.19843750000000004
1 0.5453125 0.18906250000000008 0.5296875 0.18906250000000005 0.5296875 0.21250000000000008 0.5453125 0.21250000000000008
1 0.540625 0.2312500000000001 0.5234375 0.2312500000000001 0.5234375 0.2562500000000001 0.540625 0.2562500000000001
1 0.54375 0.21875000000000008 0.528125 0.21875000000000008 0.528125 0.2312500000000001 0.54375 0.2312500000000001
1 0.5875 0.1984375000000001 0.5703125 0.1984375000000001 0.5703125 0.2218750000000001 0.5875 0.2218750000000001
1 0.590625 0.1921875000000001 0.5765625 0.1921875000000001 0.5765625 0.21250000000000008 0.590625 0.21250000000000008
1 0.61875 0.1984375000000001 0.6015625 0.1984375000000001 0.6015625 0.2218750000000001 0.61875 0.2218750000000001