0 1 0.83125 0.85625 0.83125 0.85625 1 1 1
0 0.9 0.3937500000000001 0.790625 0.3937500000000001 0.790625 0.6328125000000002 0.9 0.6328125000000002
0 1 0.3937500000000001 0.89375 0.3937500000000001 0.89375 0.6296875000000002 1 0.6296875000000002
3 0.5109375 0.2562500000000001 0.4828125 0.2562500000000001 0.4828125 0.2968750000000001 0.5109375 0.2968750000000001
3 0.4921875 0.2015625000000001 0.4734375 0.2015625000000001 0.4734375 0.2312500000000001 0.4921875 0.2312500000000001
1 0.98125 0.6125000000000002 0.8796875 0.6125000000000002 0.8796875 0.7515625000000001 0.98125 0.7515625000000001
1 0.790625 0.43750000000000017 0.76875 0.43750000000000017 0.76875 0.5250000000000001 0.790625 0.5250000000000001
1 0.8890625 0.3703125000000001 0.8328125 0.3703125000000001 0.8328125 0.4343750000000002 0.8890625 0.4343750000000002
1 0.8359375 0.3781250000000001 0.79375 0.3781250000000001 0.79375 0.4046875000000002 0.8359375 0.4046875000000002
1 0.7796875 0.3625000000000001 0.7296875 0.3625000000000001 0.7296875 0.4546875000000002 0.7796875 0.4546875000000002
2 0.21093750000000008 0.396875 0.19375000000000003 0.396875 0.19375000000000003 0.4765625 0.21093750000000008 0.4765625
2 0.17812500000000003 0.35 0.16718750000000004 0.35 0.16718750000000004 0.3890625 0.17812500000000003 0.3890625
2 0.22500000000000003 0.325 0.2109375 0.325 0.21093750000000006 0.3875 0.2250000000000001 0.3875
2 0.3578125 0.2734375 0.353125 0.2734375 0.353125 0.31875 0.3578125 0.31875
2 0.3703125 0.26093750000000004 0.359375 0.2609375 0.359375 0.30781250000000004 0.3703125 0.3078125000000001
1 0.4015625 0.2578125000000001 0.375 0.2578125000000001 0.375 0.3078125000000001 0.4015625 0.3078125000000001
2 0.425 0.2250000000000001 0.41875 0.2250000000000001 0.41875 0.2609375000000001 0.425 0.2609375000000001
1 0.44375 0.2093750000000001 0.425 0.2093750000000001 0.425 0.2500000000000001 0.44375 0.2500000000000001
2 0.4171875 0.19531250000000006 0.4109375 0.19531250000000006 0.4109375 0.22031250000000008 0.4171875 0.22031250000000008
2 0.8515625 0.2843750000000001 0.8421875 0.2843750000000001 0.8421875 0.3359375000000001 0.8515625 0.3359375000000001
2 0.90625 0.2796875000000001 0.896875 0.2796875000000001 0.896875 0.3296875000000001 0.90625 0.3296875000000001
2 0.9203125 0.3218750000000001 0.9109375 0.3218750000000001 0.9109375 0.3859375000000001 0.9203125 0.3859375000000001
2 0.9515625 0.3078125000000001 0.9390625 0.3078125000000001 0.9390625 0.3703125000000001 0.9515625 0.3703125000000001
2 0.95625 0.3109375000000001 0.9484375 0.3109375000000001 0.9484375 0.3687500000000001 0.95625 0.3687500000000001
2 0.9703125 0.3062500000000001 0.9609375 0.3062500000000001 0.9609375 0.3703125000000001 0.9703125 0.3703125000000001