2 0.05156250000000007 0.5140625 0.03906250000000007 0.5140625 0.03906250000000007 0.58125 0.05156250000000007 0.58125
2 0.16093750000000004 0.3921875 0.14687500000000003 0.3921875 0.14687500000000003 0.4640625 0.16093750000000004 0.4640625
2 0.13125000000000003 0.3765625 0.12031250000000004 0.3765625 0.12031250000000004 0.44375 0.13125000000000003 0.44375
2 0.21093750000000006 0.3421875 0.2 0.3421875 0.20000000000000004 0.4 0.21093750000000008 0.4
2 0.26250000000000007 0.38125 0.2500000000000001 0.38125 0.2500000000000001 0.4578125 0.26250000000000007 0.4578125
2 0.9546875 0.3296875000000001 0.946875 0.3296875000000001 0.946875 0.3812500000000001 0.9546875 0.3812500000000001
2 0.94375 0.3000000000000001 0.934375 0.3000000000000001 0.934375 0.3593750000000001 0.94375 0.3593750000000001
2 0.91875 0.2968750000000001 0.9109375 0.2968750000000001 0.9109375 0.34843750000000007 0.91875 0.34843750000000007
2 0.8453125 0.27031250000000007 0.8390625 0.27031250000000007 0.8390625 0.3109375000000001 0.8453125 0.3109375000000001
2 0.875 0.3281250000000001 0.8671875 0.3281250000000001 0.8671875 0.37968750000000007 0.875 0.37968750000000007
2 0.8359375 0.3359375000000001 0.825 0.3359375000000001 0.825 0.3656250000000001 0.8359375 0.3656250000000001
2 0.3546875 0.2828125 0.3484375 0.2828125 0.3484375 0.328125 0.3546875 0.328125
2 0.365625 0.26875000000000004 0.3578125 0.26875 0.3578125 0.31093750000000003 0.365625 0.3109375000000001
1 0.403125 0.3000000000000001 0.3703125 0.3000000000000001 0.3703125 0.3390625000000001 0.403125 0.3390625000000001
2 0.3765625 0.2828125000000001 0.36875 0.2828125000000001 0.36875 0.3062500000000001 0.3765625 0.3062500000000001
2 0.43125 0.22656250000000008 0.4265625 0.22656250000000008 0.4265625 0.2578125000000001 0.43125 0.2578125000000001
2 0.4453125 0.2140625000000001 0.440625 0.2140625000000001 0.440625 0.24218750000000008 0.4453125 0.24218750000000008
2 0.4046875 0.2296875000000001 0.4 0.2296875000000001 0.4 0.24218750000000008 0.4046875 0.24218750000000008
2 0.4078125 0.2078125000000001 0.4046875 0.2078125000000001 0.4046875 0.23593750000000008 0.4078125 0.23593750000000008
2 0.41875 0.2171875000000001 0.4140625 0.2171875000000001 0.4140625 0.24375000000000008 0.41875 0.24375000000000008
2 0.421875 0.21250000000000008 0.41875 0.21250000000000008 0.41875 0.24375000000000008 0.421875 0.24375000000000008
2 0.425 0.2140625000000001 0.421875 0.2140625000000001 0.421875 0.2406250000000001 0.425 0.2406250000000001
0 0.4671875 0.30937500000000007 0.3953125 0.30937500000000007 0.39531250000000007 0.484375 0.4671875 0.484375
0 1 0.3906250000000001 0.8921875 0.3906250000000001 0.8921875 0.6265625000000001 1 0.6265625000000001
0 0.8296875 0.3218750000000001 0.746875 0.3218750000000001 0.746875 0.5015625000000001 0.8296875 0.5015625000000001
0 0.7578125 0.3578125000000001 0.66875 0.3578125000000001 0.66875 0.5671875000000001 0.7578125 0.5671875000000002
0 0.7484375 0.2531250000000001 0.6984375 0.2531250000000001 0.6984375 0.3609375000000001 0.7484375 0.3609375000000001
0 0.684375 0.2062500000000001 0.6515625 0.2062500000000001 0.6515625 0.27031250000000007 0.684375 0.27031250000000007
0 0.6546875 0.19531250000000008 0.63125 0.19531250000000008 0.63125 0.2312500000000001 0.6546875 0.2312500000000001
0 0.7515625 0.22812500000000008 0.68125 0.22812500000000008 0.68125 0.3140625000000001 0.7515625 0.3140625000000001
0 0.753125 0.2156250000000001 0.703125 0.2156250000000001 0.703125 0.2515625000000001 0.753125 0.2515625000000001
1 0.75 0.3359375000000001 0.7140625 0.3359375000000001 0.7140625 0.3859375000000001 0.75 0.3859375000000001
1 0.871875 0.3781250000000001 0.83125 0.3781250000000001 0.83125 0.46093750000000017 0.871875 0.46093750000000017
1 0.8921875 0.4078125000000002 0.85 0.4078125000000002 0.85 0.4984375000000002 0.8921875 0.4984375000000002
1 0.9171875 0.5359375000000002 0.8328125 0.5359375000000002 0.8328125 0.6531250000000002 0.9171875 0.6531250000000002
1 0.8265625 0.5687500000000001 0.7203125 0.56875 0.7203125000000001 0.81875 0.8265625 0.81875
1 0.88125 0.6125000000000002 0.825 0.6125000000000002 0.825 0.7734375000000002 0.88125 0.7734375000000002
1 0.9859375 0.7984375000000001 0.896875 0.7984375000000001 0.896875 1 0.9859375 1
1 1 0.6250000000000002 0.90625 0.6250000000000002 0.90625 0.8125 1 0.8125
1 0.5828125 0.434375 0.53125 0.434375 0.53125 0.509375 0.5828125 0.509375
3 0.35000000000000003 0.3609375 0.303125 0.3609375 0.30312500000000003 0.4234375 0.3500000000000001 0.4234375
3 0.5625 0.2843750000000001 0.534375 0.2843750000000001 0.534375 0.3375000000000001 0.5625 0.3375000000000001
1 0.540625 0.25468750000000007 0.5171875 0.25468750000000007 0.5171875 0.2796875000000001 0.540625 0.2796875000000001
3 0.546875 0.2312500000000001 0.5265625 0.2312500000000001 0.5265625 0.2609375000000001 0.546875 0.2609375000000001
3 0.5546875 0.2218750000000001 0.5359375 0.2218750000000001 0.5359375 0.2515625000000001 0.5546875 0.2515625000000001
3 0.5859375 0.2062500000000001 0.56875 0.2062500000000001 0.56875 0.2328125000000001 0.5859375 0.2328125000000001
1 0.5125 0.21875000000000008 0.490625 0.21875000000000008 0.490625 0.2484375000000001 0.5125 0.2484375000000001
3 0.521875 0.19531250000000006 0.5046875 0.19531250000000006 0.5046875 0.21875000000000008 0.521875 0.21875000000000008
3 0.5125 0.2078125000000001 0.4953125 0.2078125000000001 0.4953125 0.2312500000000001 0.5125 0.2312500000000001
1 0.3953125 0.2609375000000001 0.3734375 0.2609375000000001 0.3734375 0.3000000000000001 0.3953125 0.3000000000000001
1 0.51875 0.3125000000000001 0.4875 0.3125000000000001 0.4875 0.37187500000000007 0.51875 0.37187500000000007
1 0.6140625 0.3296875000000001 0.578125 0.3296875000000001 0.578125 0.3812500000000001 0.6140625 0.3812500000000001
1 0.628125 0.2921875000000001 0.6015625 0.2921875000000001 0.6015625 0.3359375000000001 0.628125 0.3359375000000001
1 0.59375 0.2687500000000001 0.56875 0.2687500000000001 0.56875 0.30937500000000007 0.59375 0.30937500000000007
1 0.59375 0.23437500000000008 0.575 0.23437500000000008 0.575 0.2718750000000001 0.59375 0.2718750000000001
1 0.6 0.2218750000000001 0.5828125 0.2218750000000001 0.5828125 0.2531250000000001 0.6 0.2531250000000001
1 0.625 0.2171875000000001 0.6078125 0.2171875000000001 0.6078125 0.2406250000000001 0.625 0.2406250000000001
1 0.6609375 0.2750000000000001 0.640625 0.2750000000000001 0.640625 0.3234375000000001 0.6609375 0.3234375000000001
1 0.6796875 0.2531250000000001 0.66875 0.2531250000000001 0.66875 0.2875000000000001 0.6796875 0.2875000000000001
1 0.534375 0.27031250000000007 0.509375 0.27031250000000007 0.509375 0.3046875000000001 0.534375 0.3046875000000001
1 0.5375 0.2078125000000001 0.5203125 0.2078125000000001 0.5203125 0.2406250000000001 0.5375 0.2406250000000001
1 0.55 0.2015625000000001 0.534375 0.2015625000000001 0.534375 0.2234375000000001 0.55 0.2234375000000001
1 0.5546875 0.19218750000000007 0.5390625 0.19218750000000004 0.5390625 0.21093750000000008 0.5546875 0.21093750000000008
1 0.615625 0.1921875000000001 0.59375 0.1921875000000001 0.59375 0.2171875000000001 0.615625 0.2171875000000001
1 0.6203125 0.2062500000000001 0.6046875 0.2062500000000001 0.6046875 0.2218750000000001 0.6203125 0.2218750000000001