0 1 0.5406250000000001 0.778125 0.5406250000000001 0.7781250000000001 1 1 1
0 0.8546875 0.3578125000000001 0.76875 0.3578125000000001 0.76875 0.5468750000000002 0.8546875 0.5468750000000002
0 1 0.3593750000000001 0.865625 0.3593750000000001 0.865625 0.5828125000000002 1 0.5828125000000002
3 0.478125 0.2812500000000001 0.4390625 0.2812500000000001 0.4390625 0.3265625000000001 0.478125 0.3265625000000001
3 0.4921875 0.19843750000000004 0.4734375 0.19843750000000004 0.4734375 0.22656250000000008 0.4921875 0.22656250000000008
1 0.3984375 0.25468750000000007 0.378125 0.25468750000000007 0.378125 0.3000000000000001 0.3984375 0.3000000000000001
2 0.425 0.2250000000000001 0.41875 0.2250000000000001 0.41875 0.2593750000000001 0.425 0.2593750000000001
1 0.4421875 0.21250000000000008 0.4265625 0.21250000000000008 0.4265625 0.2453125000000001 0.4421875 0.2453125000000001
2 0.3578125 0.2734375 0.353125 0.2734375 0.353125 0.3171875 0.3578125 0.3171875
2 0.36875 0.26093750000000004 0.3625 0.2609375 0.3625 0.2984375 0.36875 0.2984375000000001
2 0.4078125 0.22031250000000008 0.4046875 0.22031250000000008 0.4046875 0.2328125000000001 0.4078125 0.2328125000000001
2 0.2093750000000001 0.3921875 0.19531250000000006 0.3921875 0.19531250000000006 0.471875 0.2093750000000001 0.471875
2 0.21250000000000005 0.325 0.2046875 0.325 0.20468750000000005 0.3890625 0.21250000000000008 0.3890625
2 0.18593750000000003 0.334375 0.17500000000000004 0.334375 0.17500000000000004 0.384375 0.18593750000000003 0.384375
2 0.95625 0.3109375000000001 0.946875 0.3109375000000001 0.946875 0.3750000000000001 0.95625 0.3750000000000001
2 0.965625 0.3125000000000001 0.9578125 0.3125000000000001 0.9578125 0.3656250000000001 0.965625 0.3656250000000001
2 0.9046875 0.3078125000000001 0.9 0.3078125000000001 0.9 0.3531250000000001 0.9046875 0.3531250000000001
2 0.9 0.2671875000000001 0.8921875 0.2671875000000001 0.8921875 0.3203125000000001 0.9 0.3203125000000001
1 0.7609375 0.3265625000000001 0.721875 0.3265625000000001 0.721875 0.40312500000000007 0.7609375 0.4031250000000002
1 0.76875 0.3906250000000001 0.7484375 0.3906250000000001 0.7484375 0.4625000000000002 0.76875 0.4625000000000002
1 0.8671875 0.3468750000000001 0.8171875 0.3468750000000001 0.8171875 0.4500000000000002 0.8671875 0.4500000000000002
1 0.815625 0.34062500000000007 0.7734375 0.34062500000000007 0.7734375 0.36406250000000007 0.815625 0.36406250000000007
1 1 0.5687500000000002 0.9859375 0.5687500000000002 0.9859375 0.6937500000000002 1 0.6937500000000002
2 0.8515625 0.2843750000000001 0.8453125 0.2843750000000001 0.8453125 0.3312500000000001 0.8515625 0.3312500000000001
2 0.865625 0.2734375000000001 0.8609375 0.2734375000000001 0.8609375 0.3140625000000001 0.865625 0.3140625000000001
2 0.98125 0.3109375000000001 0.9734375 0.3109375000000001 0.9734375 0.3578125000000001 0.98125 0.3578125000000001