2 0.12187500000000007 0.4875 0.10781250000000005 0.4875 0.10781250000000006 0.5828125 0.1218750000000001 0.5828125
2 0.05156250000000007 0.5203125 0.042187500000000065 0.5203125 0.042187500000000065 0.5890625 0.05156250000000007 0.5890625
2 0.057812500000000065 0.475 0.045312500000000054 0.475 0.04531250000000006 0.5375 0.057812500000000065 0.5375
1 0.2093750000000001 0.434375 0.12343750000000005 0.434375 0.12343750000000005 0.534375 0.2093750000000001 0.534375
2 0.12812500000000004 0.3796875 0.11718750000000004 0.3796875 0.11718750000000004 0.4390625 0.12812500000000004 0.4390625
2 0.17812500000000003 0.39375 0.16718750000000004 0.39375 0.16718750000000004 0.428125 0.17812500000000003 0.428125
2 0.15781250000000005 0.3796875 0.15000000000000005 0.3796875 0.15000000000000005 0.3921875 0.15781250000000005 0.3921875
2 0.20625000000000004 0.35 0.19531250000000006 0.35 0.19531250000000006 0.3953125 0.2062500000000001 0.3953125
2 0.22031250000000005 0.33125 0.2078125 0.33125 0.20781250000000004 0.390625 0.22031250000000008 0.390625
3 0.3390625000000001 0.3640625 0.30156250000000007 0.3640625 0.30156250000000007 0.4296875 0.3390625000000001 0.4296875
2 0.35156250000000006 0.31875 0.3421875 0.31875 0.34218750000000003 0.365625 0.3515625000000001 0.365625
2 0.3671875 0.27031250000000007 0.3578125 0.2703125 0.3578125 0.31562500000000004 0.3671875 0.3156250000000001
2 0.3546875 0.2828125 0.3484375 0.2828125 0.3484375 0.328125 0.3546875 0.328125
2 0.4296875 0.22656250000000008 0.421875 0.22656250000000008 0.421875 0.2578125000000001 0.4296875 0.2578125000000001
2 0.446875 0.2140625000000001 0.4421875 0.2140625000000001 0.4421875 0.24218750000000008 0.446875 0.24218750000000008
2 0.4234375 0.2140625000000001 0.41875 0.2140625000000001 0.41875 0.24375000000000008 0.4234375 0.24375000000000008
2 0.4140625 0.21093750000000008 0.409375 0.21093750000000008 0.409375 0.23593750000000008 0.4140625 0.23593750000000008
0 0.95 0.3312500000000001 0.8328125 0.3312500000000001 0.8328125 0.5203125000000002 0.95 0.5203125000000002
2 0.8953125 0.3062500000000001 0.8875 0.3062500000000001 0.8875 0.34062500000000007 0.8953125 0.34062500000000007
2 0.9015625 0.2953125000000001 0.896875 0.2953125000000001 0.896875 0.3234375000000001 0.9015625 0.3234375000000001
2 0.921875 0.3375000000000001 0.915625 0.3375000000000001 0.915625 0.3703125000000001 0.921875 0.3703125000000001
3 0.565625 0.6578125 0.4796875 0.6578125 0.4796875000000001 0.8359375 0.5656250000000002 0.8359375
3 0.4296875000000001 0.6515625 0.34062500000000007 0.6515625 0.34062500000000007 0.796875 0.42968750000000017 0.796875
3 0.2687500000000001 0.7125 0.1593750000000001 0.7125 0.1593750000000001 0.85 0.2687500000000001 0.85
3 0.7750000000000001 0.6046875 0.7015625 0.6046875 0.7015625000000001 0.7343750000000001 0.7750000000000001 0.7343750000000002
3 0.9328125 0.5390625000000002 0.8609375 0.5390625000000002 0.8609375 0.6546875000000002 0.9328125 0.6546875000000002
3 0.540625 0.471875 0.4890625 0.471875 0.4890625 0.571875 0.540625 0.571875
3 0.6109375 0.3437500000000001 0.575 0.3437500000000001 0.575 0.4078125 0.6109375 0.4078125
3 0.453125 0.32500000000000007 0.415625 0.32500000000000007 0.415625 0.3859375000000001 0.453125 0.3859375000000001
1 0.540625 0.24218750000000008 0.5171875 0.24218750000000008 0.5171875 0.2734375000000001 0.540625 0.2734375000000001
3 0.5484375 0.2156250000000001 0.53125 0.2156250000000001 0.53125 0.2468750000000001 0.5484375 0.2468750000000001
0 0.7703125 0.2687500000000001 0.7046875 0.2687500000000001 0.7046875 0.4015625000000001 0.7703125 0.40156250000000016
0 0.703125 0.2750000000000001 0.6390625 0.2750000000000001 0.6390625 0.409375 0.703125 0.409375
0 0.7328125 0.2312500000000001 0.68125 0.2312500000000001 0.68125 0.3390625000000001 0.7328125 0.3390625000000001
0 0.6984375 0.2093750000000001 0.6640625 0.2093750000000001 0.6640625 0.2953125000000001 0.6984375 0.2953125000000001
0 0.71875 0.19687500000000008 0.6765625 0.19687500000000008 0.6765625 0.23593750000000008 0.71875 0.23593750000000008
0 0.665625 0.1937500000000001 0.640625 0.1937500000000001 0.640625 0.2328125000000001 0.665625 0.2328125000000001
1 0.7015625000000002 0.8390625 0.5937500000000002 0.8390625 0.5937500000000002 1 0.7015625000000002 1
1 0.85 0.7171875000000002 0.734375 0.7171875000000002 0.7343750000000001 0.903125 0.85 0.903125
1 0.6671875 0.5921875 0.5921875 0.5921875 0.5921875 0.7203125 0.6671875 0.7203125
1 0.99375 0.4812500000000002 0.9140625 0.4812500000000002 0.9140625 0.6015625000000002 0.99375 0.6015625000000002
1 0.996875 0.6328125000000002 0.9 0.6328125000000002 0.9 0.7781250000000002 0.996875 0.7781250000000002
1 1 0.5421875000000002 0.9734375 0.5421875000000002 0.9734375 0.6687500000000002 1 0.6687500000000002
1 0.859375 0.4593750000000002 0.7578125 0.4593750000000002 0.7578125 0.5796875000000001 0.859375 0.5796875000000001
1 0.7578125 0.5328125000000001 0.69375 0.5328125 0.69375 0.628125 0.7578125 0.6281250000000002
1 0.765625 0.4937500000000001 0.7046875 0.49375 0.7046875 0.5859375000000001 0.765625 0.5859375000000002
1 0.7234375 0.4359375 0.6703125 0.4359375 0.6703125 0.5171875 0.7234375 0.5171875
1 0.7203125 0.3531250000000001 0.66875 0.3531250000000001 0.66875 0.465625 0.7203125 0.465625
1 0.7765625 0.3812500000000001 0.734375 0.3812500000000001 0.734375 0.4343750000000002 0.7765625 0.4343750000000002
1 0.784375 0.40937500000000016 0.7515625 0.40937500000000016 0.7515625 0.4859375000000002 0.784375 0.4859375000000002
1 0.840625 0.4265625000000002 0.7859375 0.4265625000000002 0.7859375 0.4937500000000002 0.840625 0.4937500000000002
1 0.80625 0.3890625000000001 0.778125 0.3890625000000001 0.778125 0.44531250000000017 0.80625 0.44531250000000017
1 0.8328125 0.3546875000000001 0.8 0.3546875000000001 0.8 0.43281250000000016 0.8328125 0.43281250000000016
1 0.7984375 0.31718750000000007 0.771875 0.31718750000000007 0.771875 0.3781250000000001 0.7984375 0.3781250000000001
1 0.4546875 0.4765625 0.3859375000000001 0.4765625 0.3859375000000001 0.60625 0.4546875 0.60625
1 0.50625 0.3531250000000001 0.471875 0.3531250000000001 0.471875 0.4140625 0.50625 0.4140625
1 0.540625 0.38750000000000007 0.5 0.38750000000000007 0.5 0.4484375 0.540625 0.4484375
1 0.634375 0.503125 0.58125 0.503125 0.58125 0.590625 0.634375 0.590625
1 0.634375 0.4328125 0.5859375 0.4328125 0.5859375 0.515625 0.634375 0.515625
1 0.6296875 0.3937500000000001 0.5921875 0.3937500000000001 0.5921875 0.4421875 0.6296875 0.4421875
1 0.4234375 0.2750000000000001 0.39375 0.2750000000000001 0.39375 0.3125000000000001 0.4234375 0.3125000000000001
1 0.39375 0.2671875000000001 0.375 0.2671875000000001 0.375 0.30156250000000007 0.39375 0.30156250000000007
1 0.4734375 0.2500000000000001 0.45625 0.2500000000000001 0.45625 0.2906250000000001 0.4734375 0.2906250000000001
1 0.515625 0.3156250000000001 0.484375 0.3156250000000001 0.484375 0.3656250000000001 0.515625 0.3656250000000001
1 0.5203125 0.2875000000000001 0.4921875 0.2875000000000001 0.4921875 0.3234375000000001 0.5203125 0.3234375000000001
1 0.578125 0.3031250000000001 0.55 0.3031250000000001 0.55 0.3500000000000001 0.578125 0.3500000000000001
1 0.621875 0.3187500000000001 0.5921875 0.3187500000000001 0.5921875 0.36406250000000007 0.621875 0.36406250000000007
1 0.6234375 0.2578125000000001 0.59375 0.2578125000000001 0.59375 0.3218750000000001 0.6234375 0.3218750000000001
1 0.615625 0.2968750000000001 0.59375 0.2968750000000001 0.59375 0.3234375000000001 0.615625 0.3234375000000001
1 0.6140625 0.2468750000000001 0.59375 0.2468750000000001 0.59375 0.2609375000000001 0.6140625 0.2609375000000001
1 0.665625 0.2406250000000001 0.6234375 0.2406250000000001 0.6234375 0.2750000000000001 0.665625 0.2750000000000001
1 0.5765625 0.2640625000000001 0.55 0.2640625000000001 0.55 0.3062500000000001 0.5765625 0.3062500000000001
1 0.5875 0.2171875000000001 0.565625 0.2171875000000001 0.565625 0.2500000000000001 0.5875 0.2500000000000001
1 0.5234375 0.2000000000000001 0.503125 0.2000000000000001 0.503125 0.2328125000000001 0.5234375 0.2328125000000001
1 0.5328125 0.19375000000000003 0.51875 0.19375000000000003 0.51875 0.2093750000000001 0.5328125 0.2093750000000001
1 0.55625 0.19531250000000006 0.540625 0.19531250000000006 0.540625 0.21250000000000008 0.55625 0.21250000000000008